0.000000,0.038234,0.000000,0.200494,-0.089606,0.059709,1.023700
1.000000,0.065847,0.164439,0.324622,0.059032,0.307764,1.159200
2.000000,0.074690,0.000000,0.321680,-0.055583,0.047669,1.430100
3.000000,0.054687,-0.098357,0.074735,-0.326534,-0.157361,1.535600
4.000000,0.046427,0.125917,0.190912,0.036558,0.174643,0.707600
5.000000,0.044550,-0.054929,0.023567,-0.325740,-0.035324,1.339900
6.000000,0.054572,-0.154144,0.118594,-0.213428,-0.079028,1.264600
7.000000,0.045523,0.040149,0.080297,-0.253029,-0.232942,1.249500
8.000000,0.035861,-0.113740,-0.021069,-0.231677,-0.134809,0.828000
9.000000,0.043436,-0.064930,0.225128,-0.073586,0.108236,1.038800
10.000000,0.028916,-0.012722,0.021194,-0.182191,-0.139831,0.722600
11.000000,0.023912,0.087187,0.095903,-0.091530,-0.078471,0.647300
12.000000,0.032674,0.044303,0.159445,-0.004413,0.128438,0.557000
13.000000,0.055933,0.094992,0.354068,0.017266,0.302241,1.234500
14.000000,0.078174,0.028507,0.240224,-0.040704,0.195436,1.038700
15.000000,0.046535,-0.097946,0.003930,-0.133215,-0.082277,0.526900
16.000000,0.037916,0.000000,0.087650,-0.055787,0.075688,0.542000
17.000000,0.101337,-0.047082,0.337524,-0.094190,0.129514,1.656000
18.000000,0.077216,-0.022947,0.156865,-0.080325,0.137730,0.933400
19.000000,0.105609,-0.085641,-0.055841,-0.342513,-0.268051,1.385000
20.000000,0.042372,-0.039353,0.011785,-0.153442,-0.114088,0.632300
21.000000,0.055230,0.072469,0.305947,0.052333,0.277761,1.144100
22.000000,0.067638,0.003825,0.064855,-0.125833,-0.110582,0.752700
23.000000,0.034327,-0.074120,-0.035104,-0.156011,-0.070208,0.602200
24.000000,0.040906,0.003941,0.162174,-0.063298,0.114720,0.858100
25.000000,0.041336,-0.038684,0.000000,-0.131489,-0.034805,0.511900
26.000000,0.054887,0.007786,0.120719,-0.042835,-0.031169,0.632300
27.000000,0.041924,-0.070512,-0.039173,-0.207658,-0.094042,0.797800
28.000000,0.040228,0.127811,0.191689,0.043930,0.123805,0.722600
29.000000,0.028315,-0.023376,-0.019467,-0.148072,-0.081828,0.572000
30.000000,0.046771,0.011869,0.154510,-0.015843,0.043582,0.647300
31.000000,0.026599,0.027499,0.043205,-0.043205,0.019646,0.331200
32.000000,0.038541,0.011721,0.101717,-0.023493,0.058681,0.481800
33.000000,0.025484,-0.038684,-0.027074,-0.146952,-0.135342,0.572100
34.000000,0.032452,0.039734,0.143068,-0.007947,0.135121,0.572000
35.000000,0.062694,0.100615,0.139329,-0.425698,-0.328939,2.198000
36.000000,0.042749,-0.066288,0.173988,-0.074570,0.128420,0.903300
37.000000,0.032930,0.056526,0.092877,-0.048478,0.036351,0.526900
38.000000,0.024761,-0.060166,-0.060166,-0.188462,-0.148378,0.707600
39.000000,0.018041,-0.028903,0.049600,-0.049572,0.037193,0.361300
40.000000,0.019799,-0.008201,0.004114,-0.082037,-0.065608,0.316200
41.000000,0.027083,0.000000,0.008310,-0.220285,-0.120537,0.828000
42.000000,0.012887,-0.034090,0.046848,-0.051120,0.029818,0.346300
43.000000,0.020819,0.000000,0.122754,-0.067747,0.122754,0.677400
44.000000,0.018244,-0.037165,0.004145,-0.061979,-0.041310,0.240900
45.000000,0.016247,-0.020841,0.066674,-0.020841,0.029172,0.316200
46.000000,0.029395,0.020720,0.029003,-0.215428,-0.207118,0.888300
47.000000,0.027612,-0.060512,-0.051871,-0.332757,-0.267940,1.159200
48.000000,0.015923,0.031969,0.073037,-0.100457,0.000000,0.572000
49.000000,0.014722,0.041099,0.045648,-0.077617,-0.063938,0.406400
50.000000,0.015005,-0.060127,-0.009248,-0.198877,-0.032383,0.647300
51.000000,0.012870,-0.004639,0.041902,-0.116368,-0.060519,0.511800
52.000000,0.012701,-0.014118,0.065987,-0.061260,0.061260,0.406500
53.000000,0.015902,0.004670,0.013978,-0.111730,-0.079135,0.406500
54.000000,0.018510,-0.080408,-0.037832,-0.260171,-0.203392,0.828000
55.000000,0.012568,0.000000,0.108481,-0.024664,0.024631,0.406500
56.000000,0.028256,-0.068674,0.461263,-0.112839,0.264985,1.761400
57.000000,0.016350,-0.065249,0.032625,-0.093200,-0.004674,0.406500
58.000000,0.012266,0.041981,0.051306,-0.088609,-0.055954,0.451600
59.000000,0.016169,0.051887,0.127336,-0.014162,-0.009431,0.451600
60.000000,0.017515,0.009449,0.061434,-0.113419,-0.004740,0.557000
61.000000,0.012161,-0.052034,0.033118,-0.052034,-0.009458,0.271000
62.000000,0.011070,-0.004754,0.033181,-0.094790,-0.066362,0.406500
63.000000,0.010259,0.007274,0.231915,0.007274,0.224672,0.726900
64.000000,0.024717,-0.048547,0.076271,-0.076301,0.027724,0.499700
65.000000,0.015991,-0.027571,0.041387,-0.048279,0.000000,0.295300
66.000000,0.017271,0.020678,0.034494,-0.062065,-0.041387,0.318000
67.000000,0.021246,0.020881,0.111265,-0.013900,0.069564,0.408800
68.000000,0.013262,-0.041159,-0.020595,-0.089174,-0.048014,0.295300
69.000000,0.010353,0.013843,0.013843,-0.076196,-0.034637,0.295300
70.000000,0.017310,-0.062757,-0.062757,-0.383543,-0.348664,1.249200
71.000000,0.009928,0.007492,0.082446,-0.052477,0.007492,0.408800
72.000000,0.014655,-0.052399,0.172158,-0.097317,0.134721,0.817700
73.000000,0.011229,-0.036455,0.014569,-0.051024,-0.029138,0.204400
74.000000,0.009839,0.000000,0.058650,-0.022014,0.000000,0.249900
75.000000,0.008364,0.007327,0.014655,-0.080664,-0.029341,0.295300
76.000000,0.010583,0.036885,0.095882,-0.044256,-0.036885,0.431600
77.000000,0.009076,-0.022276,0.044584,-0.059435,0.044584,0.318000
78.000000,0.016332,0.000000,0.132571,-0.058910,0.088381,0.590600
79.000000,0.018581,-0.043423,0.043423,-0.289433,-0.151964,1.044800
80.000000,0.040813,-0.037325,0.440315,-0.074618,0.410448,1.567200
81.000000,0.054614,0.227581,0.379311,0.048279,0.068957,1.249200
82.000000,0.031821,-0.068019,-0.033995,-0.163264,-0.074818,0.545100
83.000000,0.019409,-0.006902,0.013804,-0.096692,-0.075955,0.363400
84.000000,0.012107,0.007009,0.042052,-0.021057,0.014017,0.204400
85.000000,0.019183,-0.034976,0.090889,-0.055943,0.069922,0.476900
86.000000,0.021192,0.006893,0.055172,-0.013785,0.034494,0.227100
87.000000,0.031531,0.000000,0.267124,-0.047948,0.157536,1.044800
88.000000,0.026195,-0.033211,0.099604,-0.086331,-0.019938,0.636000
89.000000,0.031617,-0.040007,0.159999,-0.146673,0.020018,1.044800
90.000000,0.022026,-0.039848,0.039818,-0.086331,-0.079695,0.431500
91.000000,0.021172,-0.026975,0.053981,-0.114705,0.027005,0.567800
92.000000,0.019600,0.000000,0.067106,-0.040275,0.000000,0.363400
93.000000,0.013321,-0.026860,0.033538,-0.033568,0.006708,0.227100
94.000000,0.014935,0.080413,0.107237,-0.026824,-0.006699,0.454300
95.000000,0.011489,-0.026860,0.000000,-0.093966,-0.067136,0.318000
96.000000,0.021092,0.000000,0.122471,-0.033995,0.108843,0.522400
97.000000,0.014246,-0.013308,0.013337,-0.073224,-0.066570,0.295300
98.000000,0.031541,-0.013488,0.161942,-0.020232,0.121449,0.613200
99.000000,0.022397,-0.019752,0.092233,-0.052701,-0.039504,0.499700
100.000000,0.021353,0.000000,0.112877,-0.086331,0.039818,0.681400
101.000000,0.024079,-0.032920,0.105401,-0.046088,0.092233,0.522300
102.000000,0.041735,-0.032323,0.064675,-0.304012,-0.226378,1.294600
103.000000,0.020896,-0.027115,0.020314,-0.108400,-0.067772,0.431500
104.000000,0.016354,0.013759,0.089297,-0.020593,0.000000,0.363400
105.000000,0.023197,-0.013729,-0.013729,-0.267829,-0.185427,0.885700
106.000000,0.012090,-0.007129,0.114122,-0.021386,0.114122,0.431500
107.000000,0.022265,-0.013939,0.223150,-0.041848,0.118545,0.863100
108.000000,0.025990,-0.027233,0.170295,-0.095375,0.081758,0.885800
109.000000,0.017312,-0.026824,0.046920,-0.073744,-0.026824,0.408900
110.000000,0.030712,-0.040438,0.141520,-0.047173,0.134785,0.636000
111.000000,0.041290,-0.013116,0.131218,-0.045935,0.045935,0.613200
112.000000,0.023985,-0.052015,0.025993,-0.104030,-0.097532,0.454200
113.000000,0.042653,0.139238,0.285132,0.033138,0.039795,0.976600
114.000000,0.027550,0.006575,0.032876,-0.092111,0.013151,0.431500
115.000000,0.031176,-0.026261,0.098428,-0.039377,0.052493,0.477000
116.000000,0.026675,-0.012980,0.032449,-0.032478,-0.019498,0.227100
117.000000,0.026044,-0.006515,0.084756,-0.045607,0.045636,0.454200
118.000000,0.032935,-0.006456,0.045223,-0.045223,0.019397,0.318000
119.000000,0.021266,-0.012891,-0.006431,-0.109390,-0.064371,0.386100
120.000000,0.018705,0.013059,0.013059,-0.110817,-0.104302,0.431600
121.000000,0.011919,-0.033270,0.026646,-0.053262,-0.019962,0.272600
122.000000,0.010203,0.006681,0.040114,-0.033433,0.006681,0.249900
123.000000,0.015662,-0.060076,-0.026687,-0.113480,-0.060076,0.386100
124.000000,0.014065,0.013506,0.047301,-0.013506,-0.006753,0.204400
125.000000,0.020407,0.020286,0.128540,0.013524,0.115015,0.431500
126.000000,0.064913,0.000000,0.324068,-0.033079,0.178559,1.226500
127.000000,0.038620,-0.031911,0.076642,-0.051085,0.044703,0.454300
128.000000,0.108354,0.094940,0.227860,-0.063284,-0.056958,1.044800
129.000000,0.043285,-0.044818,-0.006398,-0.128026,-0.083208,0.454200
130.000000,0.026689,0.026027,0.039041,-0.026056,-0.006535,0.227100
131.000000,0.026045,-0.006515,0.045636,-0.104302,0.032605,0.522400
132.000000,0.025765,0.000000,0.025921,-0.045340,-0.019419,0.249900
133.000000,0.018736,-0.019524,0.025993,-0.052015,-0.026022,0.272500
134.000000,0.019463,0.013065,0.019626,-0.084949,-0.078416,0.363400
135.000000,0.024282,-0.086331,-0.086331,-0.199208,-0.179299,0.681400
136.000000,0.012880,0.013766,0.055096,-0.006883,0.027563,0.204400
137.000000,0.010078,-0.027412,-0.013721,-0.068515,-0.047948,0.227200
138.000000,0.009408,0.020735,0.041501,-0.006912,0.041501,0.159000
139.000000,0.015422,0.000000,0.116593,-0.041159,0.054869,0.522400
140.000000,0.011871,-0.027152,0.020341,-0.047493,-0.047493,0.227100
141.000000,0.012180,0.013691,0.047948,-0.027412,-0.006845,0.249900
142.000000,0.010493,0.013710,0.013710,-0.041159,-0.027450,0.181700
143.000000,0.016901,-0.034494,-0.020678,-0.186194,-0.172409,0.613200
144.000000,0.009352,-0.057142,0.064281,-0.057142,0.057142,0.386100
145.000000,0.006705,0.000000,0.000000,-0.049438,-0.035322,0.159000
146.000000,0.005529,0.000000,0.028465,-0.007108,0.000000,0.113600
147.000000,0.005576,-0.007108,0.035573,-0.007108,0.014248,0.136300
148.000000,0.011906,0.049617,0.120562,0.028353,0.113474,0.386100
149.000000,0.014076,0.000000,0.062409,-0.020823,0.048516,0.272600
150.000000,0.014089,-0.020593,0.054945,-0.041186,0.034352,0.317900
151.000000,0.011296,-0.013635,0.040935,-0.054570,-0.006817,0.318000
152.000000,0.009790,-0.013654,0.013654,-0.047818,-0.020480,0.204400
153.000000,0.011140,0.000000,0.027419,-0.109738,-0.068609,0.454200
154.000000,0.009286,-0.027801,0.076514,-0.027801,0.062583,0.340700
155.000000,0.010158,0.020623,0.041216,-0.013729,0.020623,0.181700
156.000000,0.007785,-0.020538,0.000000,-0.041047,-0.013672,0.136300
157.000000,0.011359,0.000000,0.041129,-0.048014,-0.013740,0.295200
158.000000,0.022967,0.034399,0.137566,0.000000,0.103167,0.454300
159.000000,0.013750,0.006735,0.006735,-0.047173,-0.026939,0.181700
160.000000,0.011463,0.000000,0.013543,-0.033886,0.006771,0.159000
161.000000,0.008908,-0.006762,-0.006762,-0.054127,-0.033840,0.181700
162.000000,0.011299,0.000000,0.013616,-0.088536,-0.081728,0.340600
163.000000,0.009162,0.000000,0.000000,-0.062322,-0.013873,0.204400
164.000000,0.015187,0.013912,0.111110,0.000000,0.090289,0.363400
165.000000,0.011287,-0.006817,-0.006817,-0.102322,-0.088687,0.340700
166.000000,0.009651,-0.006941,0.076408,-0.020822,0.041674,0.318000
167.000000,0.008110,0.000000,0.013766,-0.027533,0.006883,0.136200
168.000000,0.008393,0.006874,0.027525,-0.027495,0.013778,0.181700
169.000000,0.010685,0.013710,0.047984,-0.006885,0.020565,0.181700
170.000000,0.014266,0.000000,0.020480,-0.129769,-0.088808,0.499600
171.000000,0.013440,0.048682,0.090414,0.041732,0.083464,0.295300
172.000000,0.026236,-0.006836,0.136783,-0.013672,0.082063,0.499600
173.000000,0.036943,-0.006726,0.154781,-0.026903,0.060591,0.613200
174.000000,0.030559,0.000000,0.119672,0.000000,0.039871,0.408800
175.000000,0.052350,-0.013185,0.257258,-0.039556,0.138532,1.022000
176.000000,0.034669,-0.038518,0.000000,-0.160457,-0.121940,0.567800
177.000000,0.018497,-0.046056,0.032876,-0.065810,-0.039480,0.340700
178.000000,0.012519,-0.006628,0.039795,-0.006628,0.006628,0.159000
179.000000,0.015933,0.006619,0.019856,-0.026504,0.013238,0.159000
180.000000,0.013572,-0.013203,0.019833,-0.072644,-0.059441,0.318000
181.000000,0.011066,0.006681,0.040114,-0.033433,-0.020042,0.249900
182.000000,0.011353,0.020123,0.020123,-0.067136,0.013415,0.295300
183.000000,0.015823,-0.006690,0.040168,-0.020099,0.013379,0.204500
184.000000,0.016618,-0.006672,-0.006672,-0.086793,-0.080091,0.295300
185.000000,0.014609,0.000000,0.013561,-0.081425,-0.061084,0.318000
186.000000,0.016090,-0.006864,0.096161,-0.020593,0.068704,0.386100
187.000000,0.012358,-0.013572,0.000000,-0.108400,-0.108400,0.363400
188.000000,0.007658,-0.020794,0.027685,-0.055401,-0.006921,0.272500
189.000000,0.005432,0.027724,0.034655,-0.013892,0.006931,0.159000
190.000000,0.006597,-0.013873,0.048480,-0.013873,0.041528,0.204500
191.000000,0.007027,0.000000,0.013759,-0.041186,-0.034322,0.181700
192.000000,0.005658,-0.020766,0.027647,-0.020766,0.006912,0.159000
193.000000,0.018106,0.000000,0.000000,-0.241699,-0.234797,0.794900
194.000000,0.016109,-0.014517,0.123183,-0.079729,0.086940,0.636000
195.000000,0.011327,-0.035593,-0.035593,-0.128196,-0.099722,0.408800
196.000000,0.014321,-0.007263,0.101752,-0.029054,0.065435,0.408800
197.000000,0.016557,-0.007201,0.150624,-0.021540,0.114776,0.545100
198.000000,0.012596,0.007009,0.056100,-0.021057,0.042052,0.249900
199.000000,0.018541,0.034782,0.048682,-0.069533,0.020881,0.386100
200.000000,0.031183,-0.027716,0.186967,-0.041558,0.166203,0.749500
201.000000,0.022002,-0.087142,-0.067046,-0.134062,-0.127363,0.454300
202.000000,0.011662,0.027525,0.041273,-0.075641,-0.041242,0.386100
203.000000,0.015949,-0.055478,0.090132,-0.104025,0.083202,0.635900
204.000000,0.016533,0.000000,0.068205,-0.034117,0.027300,0.340700
205.000000,0.010159,-0.027152,0.033902,-0.094986,-0.081425,0.431500
206.000000,0.007080,-0.013785,0.034494,-0.041387,-0.034494,0.249900
207.000000,0.006528,0.000000,0.041674,-0.020822,0.013912,0.204400
208.000000,0.008941,0.013843,0.076165,0.000000,0.055401,0.249800
209.000000,0.011620,0.000000,0.054794,-0.027412,0.047948,0.272600
210.000000,0.011908,-0.006810,0.000000,-0.054273,-0.027152,0.181700
211.000000,0.037358,0.000000,0.184192,-0.013635,0.109140,0.658700
212.000000,0.021524,-0.020016,0.026717,-0.106808,0.000000,0.454300
213.000000,0.019666,-0.006672,0.020045,-0.086793,-0.073420,0.363500
214.000000,0.020087,0.000000,0.101629,-0.020344,0.033856,0.408900
215.000000,0.014911,-0.020177,0.020207,-0.114397,-0.100945,0.454300
216.000000,0.013585,-0.013729,0.020623,-0.157940,-0.102995,0.590500
217.000000,0.016948,0.000000,0.007009,-0.371676,-0.147275,1.226500
218.000000,0.008823,-0.014443,0.043360,-0.086720,0.043360,0.408900
219.000000,0.008522,-0.050147,0.093102,-0.050147,0.042956,0.454200
220.000000,0.005102,-0.007098,-0.007098,-0.056818,-0.028393,0.181700
221.000000,0.011518,0.021417,0.157149,0.000000,0.085698,0.499700
222.000000,0.007235,-0.007019,0.028105,-0.014037,0.007049,0.136300
223.000000,0.005355,-0.021057,0.014017,-0.021057,0.000000,0.113600
224.000000,0.003787,-0.021057,0.014017,-0.035074,0.007009,0.159000
225.000000,0.004107,0.000000,0.020997,-0.021027,0.006999,0.136300
226.000000,0.002801,0.000000,0.000000,-0.034976,-0.020998,0.113600
227.000000,0.006395,0.000000,0.056179,0.000000,0.056179,0.181700
228.000000,0.011304,0.000000,0.104170,-0.041643,0.048615,0.476900
229.000000,0.007594,0.006874,0.006874,-0.068768,-0.006874,0.249800
230.000000,0.009729,0.000000,0.041330,-0.027533,0.034446,0.227100
231.000000,0.032942,-0.006836,0.136783,-0.006836,0.088900,0.476900
232.000000,0.040601,0.013463,0.161319,-0.020150,0.107556,0.613300
233.000000,0.025651,0.000000,0.013151,-0.078961,-0.006604,0.318000
234.000000,0.027598,-0.052701,0.026365,-0.111985,-0.098817,0.477000
235.000000,0.052353,-0.020150,0.497331,-0.026867,0.497331,1.771600
236.000000,0.132843,0.195597,0.244496,-0.097799,-0.073362,1.271900
237.000000,0.057421,-0.068228,0.074455,-0.093055,0.018627,0.613300
238.000000,0.040589,-0.024735,-0.018558,-0.105064,-0.061824,0.386100
239.000000,0.034158,-0.012509,0.050062,-0.075080,-0.012509,0.454200
240.000000,0.038550,0.000000,0.006270,-0.169374,-0.062728,0.635900
241.000000,0.025714,-0.025427,0.050825,-0.088952,0.012699,0.499700
242.000000,0.026894,-0.044363,0.000000,-0.152090,-0.133061,0.545100
243.000000,0.018260,0.000000,0.052083,-0.019549,0.045547,0.249900
244.000000,0.021740,-0.019344,0.045165,-0.045136,0.000000,0.317900
245.000000,0.020944,-0.012896,0.058089,-0.058061,-0.038688,0.408900
246.000000,0.017710,-0.045517,-0.026022,-0.104030,-0.065040,0.363400
247.000000,0.015934,-0.019752,0.079065,-0.019752,0.072481,0.340700
248.000000,0.025484,-0.006490,0.071417,-0.038968,0.038968,0.386100
249.000000,0.019062,-0.019347,0.012879,-0.103092,-0.070893,0.408800
250.000000,0.030520,0.006532,0.117639,-0.026129,0.071913,0.499600
251.000000,0.018709,0.000000,0.012879,-0.083773,-0.045106,0.340700
252.000000,0.022763,-0.013025,0.000000,-0.136550,-0.013025,0.477000
253.000000,0.018053,-0.019546,0.013059,-0.084727,-0.071697,0.340700
254.000000,0.014051,-0.019830,0.000000,-0.059520,-0.039689,0.204400
255.000000,0.022000,0.020018,0.120021,0.020018,0.113329,0.408900
256.000000,0.018257,-0.019546,-0.013031,-0.104302,-0.091243,0.363400
257.000000,0.009472,0.033182,0.053120,-0.013302,0.039818,0.227200
258.000000,0.021349,0.013197,0.098817,-0.026336,0.059314,0.431500
259.000000,0.029348,-0.039069,0.065096,-0.078138,0.039041,0.499700
260.000000,0.035379,0.006456,0.051679,-0.051679,0.045223,0.363400
261.000000,0.056510,-0.019195,0.153648,-0.038419,0.115229,0.681400
262.000000,0.054706,0.000000,0.112661,-0.043780,-0.018763,0.567800
263.000000,0.029148,-0.018834,0.006278,-0.113057,-0.075362,0.431500
264.000000,0.106722,0.031870,0.414533,0.019122,0.242323,1.476300
265.000000,0.104258,0.006106,0.218990,-0.127720,-0.066899,1.294600
266.000000,0.066764,0.030836,0.141802,-0.302090,-0.209609,1.635300
267.000000,0.035977,0.051480,0.173733,0.000000,0.109390,0.613200
268.000000,0.056435,0.006294,0.226684,-0.069286,0.119636,1.067500
269.000000,0.037398,-0.073787,-0.030733,-0.153747,-0.135307,0.567800
270.000000,0.029608,-0.025270,0.044251,-0.063204,-0.031588,0.386100
271.000000,0.057137,-0.012716,0.228991,-0.031817,0.190845,0.931200
272.000000,0.086799,-0.018399,0.318611,-0.079666,0.104162,1.476300
273.000000,0.093189,-0.054018,0.498184,-0.054018,0.498184,2.089500
274.000000,0.108234,-0.174671,-0.054579,-0.387555,-0.289284,1.612600
275.000000,0.050198,-0.075327,-0.046349,-0.237563,-0.150655,0.931300
276.000000,0.051589,0.000000,0.125457,-0.047789,-0.005970,0.658700
277.000000,0.052589,-0.083738,-0.059802,-0.358836,-0.215296,1.362700
278.000000,0.039957,-0.025013,0.149998,-0.049999,0.037479,0.726800
279.000000,0.040542,-0.037200,0.000000,-0.297765,-0.260537,1.090200
280.000000,0.037832,-0.019623,0.019623,-0.373030,-0.340326,1.362700
281.000000,0.022845,0.014068,0.154501,0.000000,0.035124,0.499700
282.000000,0.019742,0.027909,0.104605,0.020909,0.055788,0.340700
283.000000,0.032990,-0.048279,0.165516,-0.137915,0.117237,0.999300
284.000000,0.023729,-0.047173,0.154989,-0.067378,0.067407,0.749500
285.000000,0.022212,0.026581,0.132963,-0.033255,0.000000,0.567800
286.000000,0.031765,-0.019965,0.126317,-0.073156,0.106382,0.681400
287.000000,0.027164,-0.052083,-0.026056,-0.149741,-0.091152,0.522400
288.000000,0.020353,-0.026540,0.059677,-0.119384,-0.099472,0.613300
289.000000,0.026382,0.013524,0.040602,-0.236823,-0.216507,0.931300
290.000000,0.012898,-0.042440,0.070713,-0.070713,0.070713,0.454200
291.000000,0.017075,-0.006970,0.027909,-0.160393,-0.153423,0.613300
292.000000,0.023466,0.007190,0.151090,-0.179851,0.107917,1.044800
293.000000,0.024269,-0.042261,0.119714,-0.119714,0.035223,0.772200
294.000000,0.015440,0.006989,0.048954,-0.097909,-0.083931,0.477000
295.000000,0.019759,-0.049790,0.071147,-0.192021,0.071147,0.840400
296.000000,0.019749,-0.028066,0.077126,-0.056100,0.000000,0.431500
297.000000,0.014284,-0.084166,0.035043,-0.105192,-0.056100,0.454200
298.000000,0.009655,-0.021296,0.078002,-0.028384,0.000000,0.340700
299.000000,0.015046,0.007088,0.028353,-0.170242,-0.134770,0.636000
300.000000,0.017767,-0.014569,0.014569,-0.189495,-0.182210,0.635900
301.000000,0.012510,-0.015120,0.075634,-0.098347,0.052954,0.522400
302.000000,0.011155,-0.007481,0.059880,-0.089836,0.037404,0.454300
303.000000,0.009087,-0.014851,0.022309,-0.089136,-0.044552,0.340700
304.000000,0.009171,0.044952,0.082446,0.000000,0.007492,0.249800
305.000000,0.008199,0.014962,0.014962,-0.134721,-0.127240,0.454200
306.000000,0.012724,-0.007676,0.030705,-0.138273,0.023029,0.499700
307.000000,0.008265,0.000000,0.076444,-0.022923,0.053521,0.295200
308.000000,0.004972,-0.015220,0.038067,-0.045660,0.022847,0.251400
309.000000,0.011047,0.000000,0.121206,-0.030302,0.098464,0.457000
310.000000,0.012837,0.000000,0.104007,-0.022271,0.014858,0.388400
311.000000,0.008608,0.007423,0.029628,-0.066648,-0.029628,0.297000
312.000000,0.014017,0.000000,0.149025,-0.022337,0.022370,0.525500
313.000000,0.009202,-0.029672,0.051910,-0.037107,0.044508,0.274200
314.000000,0.017775,0.073526,0.176463,0.022042,0.029410,0.548400
315.000000,0.015968,-0.021945,0.080390,-0.065803,0.036532,0.457000
316.000000,0.015592,-0.021754,0.130650,-0.043540,0.043540,0.548500
317.000000,0.011818,-0.057552,0.007210,-0.071940,-0.028776,0.251400
318.000000,0.011373,0.014471,0.014471,-0.057885,-0.021691,0.228500
319.000000,0.009556,0.000000,0.014534,-0.087205,-0.043603,0.319900
320.000000,0.010553,-0.022009,0.021977,-0.131959,-0.117297,0.479800
321.000000,0.010521,0.007491,0.022505,-0.120115,-0.022538,0.434100
322.000000,0.010574,-0.022607,0.075412,-0.037689,0.067887,0.342700
323.000000,0.010163,-0.007456,0.081825,-0.022337,0.014880,0.319900
324.000000,0.006258,-0.029672,-0.007434,-0.103853,-0.059344,0.319900
325.000000,0.015916,0.007491,0.217691,0.000000,0.097577,0.662600
326.000000,0.007747,-0.029454,-0.022074,-0.103088,-0.036801,0.319900
327.000000,0.008341,-0.007434,0.059344,-0.022270,0.051910,0.251400
328.000000,0.006884,-0.007326,0.000000,-0.066060,-0.044051,0.205600
329.000000,0.006743,0.000000,0.037052,-0.022205,0.029628,0.182800
330.000000,0.015487,-0.014727,0.103088,-0.022074,0.036833,0.388400
331.000000,0.009529,-0.029238,0.000000,-0.051183,-0.007326,0.160000
332.000000,0.010478,-0.014641,0.029281,-0.043922,0.007336,0.228500
333.000000,0.019885,0.007294,0.065771,0.000000,0.014619,0.205600
334.000000,0.018117,0.000000,0.036426,-0.116613,-0.029153,0.479800
335.000000,0.031889,-0.014662,0.183292,-0.029324,0.124612,0.662700
336.000000,0.017093,-0.035748,-0.028611,-0.107276,-0.071528,0.342700
337.000000,0.024086,-0.021754,-0.021754,-0.326563,-0.297536,1.028300
338.000000,0.011832,-0.061726,0.038596,-0.061726,0.030897,0.297100
339.000000,0.012592,-0.015337,0.084335,-0.030707,0.076684,0.342800
340.000000,0.010488,0.000000,0.052851,-0.030210,-0.007569,0.251300
341.000000,0.009937,0.000000,0.052964,-0.007547,0.015128,0.182800
342.000000,0.013600,0.000000,0.128216,-0.007525,0.105576,0.411300
343.000000,0.010236,-0.036910,0.044311,-0.088623,-0.022139,0.411300
344.000000,0.008449,0.000000,0.007402,-0.074181,-0.037107,0.251300
345.000000,0.012729,-0.007457,0.052331,-0.059788,0.029894,0.342800
346.000000,0.007532,-0.029716,-0.007413,-0.051987,-0.044575,0.159900
347.000000,0.009665,0.000000,0.029984,-0.014992,0.014992,0.137100
348.000000,0.010395,0.007490,0.044841,-0.059788,0.037384,0.319900
349.000000,0.018282,-0.007434,0.081582,-0.044508,-0.029672,0.388400
350.000000,0.067437,0.000000,0.402967,0.000000,0.313419,1.233900
351.000000,0.033119,-0.091304,-0.014044,-0.133437,-0.084266,0.434200
352.000000,0.033650,0.000000,0.207149,-0.021443,0.142851,0.731300
353.000000,0.022224,-0.034706,0.034736,-0.069441,0.020848,0.342800
354.000000,0.015629,-0.048422,-0.013831,-0.159067,-0.103745,0.525600
355.000000,0.012411,0.007077,0.042371,-0.105943,-0.042371,0.479900
356.000000,0.017070,-0.056978,-0.028489,-0.185177,-0.099711,0.594100
357.000000,0.009033,-0.007283,0.130808,-0.021817,0.109023,0.479900
358.000000,0.010773,0.000000,0.063993,-0.049800,0.007096,0.365600
359.000000,0.006500,0.000000,0.000000,-0.071020,-0.049729,0.228500
360.000000,0.014589,0.000000,0.136309,0.000000,0.071764,0.434200
361.000000,0.010117,-0.042431,0.049487,-0.049518,-0.021231,0.319900
362.000000,0.014953,-0.014204,0.042612,-0.035525,-0.021290,0.251400
363.000000,0.009689,0.000000,0.028529,-0.057090,-0.035677,0.274300
364.000000,0.007887,-0.014367,-0.007199,-0.064668,-0.043102,0.205700
365.000000,0.007700,0.000000,0.000000,-0.101445,-0.065230,0.319900
366.000000,0.011635,0.029367,0.154195,0.014684,0.088102,0.479900
367.000000,0.010944,0.007230,0.086608,-0.021628,0.043288,0.342800
368.000000,0.011132,0.007168,0.021474,-0.042917,-0.014306,0.205700
369.000000,0.015640,0.000000,0.093269,-0.007158,0.021536,0.319900
370.000000,0.009455,0.000000,0.035728,-0.014285,0.007158,0.160000
371.000000,0.011196,0.000000,0.028529,-0.028561,-0.014296,0.182900
372.000000,0.011948,-0.007137,0.014337,-0.035748,0.000000,0.160000
373.000000,0.015072,0.014337,0.050085,-0.035748,0.035780,0.274200
374.000000,0.010076,-0.021290,0.014204,-0.049729,-0.007086,0.205700
375.000000,0.014177,0.007096,0.014224,-0.078248,-0.064024,0.297100
376.000000,0.010804,0.007189,0.014409,-0.043226,-0.007220,0.182800
377.000000,0.007389,0.000000,0.014429,-0.043288,0.007230,0.182800
378.000000,0.014115,0.000000,0.007189,-0.100860,-0.064854,0.342700
379.000000,0.005892,-0.014598,0.021913,-0.021881,0.014598,0.137100
380.000000,0.010848,0.014555,0.058222,-0.036373,0.007294,0.297000
381.000000,0.007812,-0.014534,-0.007283,-0.050886,-0.029068,0.160000
382.000000,0.007014,0.000000,0.021913,-0.029238,0.014619,0.159900
383.000000,0.006098,0.021849,0.029153,-0.021881,-0.007304,0.160000
384.000000,0.005970,-0.007283,0.029196,-0.014598,0.014598,0.137100
385.000000,0.009568,-0.007262,0.043666,-0.029111,0.007294,0.228500
386.000000,0.011164,-0.021817,0.000000,-0.087205,-0.079954,0.274200
387.000000,0.006188,0.000000,0.014770,-0.081221,-0.066451,0.297000
388.000000,0.005317,0.000000,0.029939,-0.022470,0.007468,0.160000
389.000000,0.004413,0.000000,0.022437,-0.014947,0.007490,0.114300
390.000000,0.005132,0.000000,0.022371,-0.022403,0.000000,0.137100
391.000000,0.004182,0.007446,0.044774,0.007446,0.037295,0.137100
392.000000,0.006544,0.059257,0.066680,0.022237,0.029628,0.205700
393.000000,0.006830,0.014727,0.058908,-0.007347,0.051560,0.205600
394.000000,0.008364,-0.021881,0.036426,-0.036457,0.007272,0.228500
395.000000,0.006657,-0.014555,-0.007262,-0.058222,-0.036373,0.182800
396.000000,0.003634,0.007315,0.029324,-0.022009,0.021977,0.160000
397.000000,0.006146,0.007315,0.014598,-0.087588,-0.080273,0.319900
398.000000,0.004324,0.007402,0.014836,-0.037107,0.000000,0.160000
399.000000,0.007671,0.000000,0.081582,-0.014836,0.007402,0.297000
400.000000,0.008773,-0.007391,-0.007391,-0.103699,-0.081462,0.319900
401.000000,0.028658,0.045179,0.248466,0.037632,0.203287,0.754000
402.000000,0.015170,-0.036162,0.007251,-0.086827,-0.057885,0.297100
403.000000,0.014455,-0.014641,0.043922,-0.058563,0.036618,0.319900
404.000000,0.010993,-0.029068,0.029068,-0.043603,0.000000,0.228500
405.000000,0.011035,-0.021817,0.036320,-0.050886,-0.014534,0.274200
406.000000,0.017541,0.021849,0.109341,-0.007304,0.014577,0.365700
407.000000,0.016806,-0.029068,-0.014534,-0.181694,-0.174411,0.571300
408.000000,0.010059,0.000000,0.090357,0.000000,0.067751,0.274200
409.000000,0.006732,-0.022271,0.000000,-0.059433,-0.051987,0.182800
410.000000,0.006580,0.022505,0.052534,-0.030029,-0.015014,0.251300
411.000000,0.010870,-0.015060,-0.007546,-0.135569,-0.112963,0.411400
412.000000,0.004565,0.023128,0.046223,-0.015408,0.038536,0.182800
413.000000,0.006257,0.000000,0.061159,-0.007662,0.030580,0.205700
414.000000,0.005894,-0.007615,0.015197,-0.022812,-0.015197,0.114300
415.000000,0.005260,-0.007638,0.038091,-0.007638,0.022848,0.137100
416.000000,0.007275,-0.015174,-0.015174,-0.068266,-0.037918,0.205600
417.000000,0.006387,0.015290,0.030580,-0.030580,-0.015290,0.182800
418.000000,0.007948,0.007652,0.007652,-0.076717,-0.030707,0.251400
419.000000,0.005394,-0.007699,-0.007699,-0.061726,-0.046294,0.182800
420.000000,0.005927,-0.015576,0.023381,-0.046727,-0.038922,0.205700
421.000000,0.012140,0.015698,0.023530,-0.211939,-0.180543,0.685500
422.000000,0.005153,-0.032572,0.000000,-0.146574,-0.016286,0.411300
423.000000,0.005274,-0.032678,0.024527,-0.057169,-0.024491,0.228500
424.000000,0.004506,0.008192,0.032839,-0.049259,-0.024647,0.228500
425.000000,0.005361,0.000000,0.008269,-0.090773,-0.074272,0.274300
426.000000,0.004307,-0.016750,0.150784,-0.033499,0.058642,0.502800
427.000000,0.002857,-0.008260,0.000000,-0.074518,-0.049667,0.205700
428.000000,0.003609,0.008343,0.050165,-0.008379,0.041822,0.160000
429.000000,0.004382,0.008273,0.058022,-0.016583,0.024856,0.205600
430.000000,0.002978,-0.016501,0.016501,-0.041234,-0.033002,0.159900
431.000000,0.002722,0.008323,0.049832,0.000000,0.041545,0.137100
432.000000,0.004955,-0.016474,0.057640,-0.024729,0.000000,0.228500
433.000000,0.006143,-0.008255,0.008219,-0.189465,-0.148299,0.548400
434.000000,0.008164,0.008507,0.033954,-0.169772,-0.025447,0.548400
435.000000,0.004020,-0.034128,0.000000,-0.068256,-0.042679,0.182800
436.000000,0.002800,0.000000,0.060257,0.000000,0.034422,0.160000
437.000000,0.003682,0.025659,0.059845,-0.008528,0.042752,0.182800
438.000000,0.002959,-0.025441,0.000000,-0.067794,-0.067794,0.182800
439.000000,0.003490,-0.008609,0.034363,-0.034363,0.017181,0.182800
440.000000,0.004320,0.008543,0.059910,-0.025703,0.017123,0.228500
441.000000,0.003091,0.000000,0.000000,-0.042679,-0.017064,0.114300
442.000000,0.004846,0.017123,0.068490,0.017123,0.042788,0.182800
443.000000,0.006232,-0.025447,0.016977,-0.059402,-0.025447,0.205600
444.000000,0.004050,-0.008551,0.025577,-0.059743,-0.042679,0.228500
445.000000,0.003164,0.025835,0.043046,-0.017211,0.017211,0.160000
446.000000,0.002613,0.000000,0.008595,-0.017152,-0.008557,0.068600
447.000000,0.003790,-0.017181,0.017181,-0.085907,-0.068725,0.274200
448.000000,0.003079,0.000000,0.060954,0.000000,0.043533,0.159900
449.000000,0.003133,0.000000,0.043195,-0.008616,0.008654,0.137100
450.000000,0.003963,0.008601,0.077564,-0.008639,0.034481,0.228500
451.000000,0.002471,0.034245,0.034245,-0.017123,0.025665,0.137100
452.000000,0.005073,0.000000,0.051105,-0.042569,0.017035,0.251300
453.000000,0.006464,0.000000,0.050932,0.000000,0.050932,0.137100
454.000000,0.004830,0.000000,0.025227,-0.025191,0.008421,0.137100
455.000000,0.011627,0.016778,0.167778,-0.008407,0.083889,0.479900
456.000000,0.006510,-0.049503,-0.008232,-0.074272,-0.016501,0.205700
457.000000,0.005065,-0.008260,0.024851,-0.041407,-0.024815,0.182900
458.000000,0.014279,-0.008337,0.141406,-0.091528,0.116467,0.639800
459.000000,0.009573,-0.048778,-0.008147,-0.105704,-0.065038,0.297100
460.000000,0.005100,0.016474,0.041166,-0.057676,-0.041202,0.274200
461.000000,0.006038,-0.016611,-0.008287,-0.149495,-0.107987,0.411300
462.000000,0.003617,0.008507,0.042462,-0.025447,0.033954,0.182800
463.000000,0.005500,-0.016863,0.084351,-0.084314,0.033725,0.457100
464.000000,0.004015,-0.033499,0.016750,-0.033499,0.008393,0.137100
465.000000,0.005113,-0.008379,0.050165,-0.050165,-0.041822,0.274200
466.000000,0.004209,0.000000,0.059038,-0.008413,0.042175,0.182800
467.000000,0.006716,-0.016722,0.075266,-0.016722,0.050165,0.251400
468.000000,0.005388,-0.008260,0.024851,-0.033111,0.024851,0.160000
469.000000,0.008851,-0.016474,0.098842,-0.024729,0.008219,0.342800
470.000000,0.005515,-0.024652,0.049340,-0.032893,0.000000,0.228500
471.000000,0.006081,0.008241,0.008241,-0.082233,-0.082233,0.251400
472.000000,0.014032,0.133773,0.183938,0.083608,0.091988,0.502700
473.000000,0.014387,-0.049259,0.123129,-0.065678,0.090290,0.525500
474.000000,0.013655,-0.024175,0.032257,-0.129027,-0.088688,0.457000
475.000000,0.008786,-0.049259,-0.016420,-0.246330,-0.082134,0.685600
476.000000,0.005798,-0.116857,0.008365,-0.141879,-0.008329,0.411300
477.000000,0.009544,-0.083608,-0.025101,-0.259204,-0.225761,0.708400
478.000000,0.005741,0.070050,0.122587,-0.026249,0.043800,0.388400
479.000000,0.003475,0.017360,0.095463,0.000000,0.069441,0.251300
480.000000,0.006815,-0.077070,-0.042825,-0.248295,-0.188348,0.662700
481.000000,0.005952,0.035586,0.124549,0.026670,0.115633,0.319900
482.000000,0.003335,0.008714,0.069562,0.000000,0.008714,0.182800
483.000000,0.002440,0.017360,0.034721,-0.026059,0.026021,0.160000
484.000000,0.003088,0.034541,0.086352,0.017270,0.060465,0.228500
485.000000,0.006202,0.008513,0.102384,-0.008551,0.059706,0.297100
486.000000,0.005158,0.067488,0.109626,0.008450,0.067488,0.297100
487.000000,0.007783,0.000000,0.099829,-0.033313,0.083191,0.365700
488.000000,0.007838,0.024531,0.032732,-0.081829,-0.049098,0.319900
489.000000,0.007759,-0.033056,-0.008282,-0.066149,-0.016528,0.182900
490.000000,0.006614,-0.008310,0.008273,-0.074641,-0.049785,0.228500
491.000000,0.004033,-0.008357,0.050286,-0.016750,0.025143,0.182900
492.000000,0.005747,0.000000,0.033332,-0.016666,0.025017,0.137100
493.000000,0.007855,-0.008310,0.033166,-0.016583,-0.016583,0.137100
494.000000,0.007025,-0.024975,0.000000,-0.041614,-0.016675,0.114300
495.000000,0.007437,0.016730,0.066812,-0.008329,0.058447,0.205700
496.000000,0.007725,0.000000,0.024769,-0.024733,0.024769,0.137100
497.000000,0.010471,-0.016420,0.073870,-0.049259,0.008192,0.342700
498.000000,0.005964,-0.032785,-0.024571,-0.081964,-0.065571,0.228500
499.000000,0.005301,-0.016611,0.008323,-0.058155,-0.016611,0.182900
500.000000,0.004673,0.000000,0.025017,-0.033332,-0.025017,0.160000
501.000000,0.004205,0.008393,0.008393,-0.041856,-0.025106,0.137100
502.000000,0.004338,-0.025270,0.000000,-0.058938,-0.016834,0.160000
503.000000,0.005355,0.016891,0.059101,-0.033782,-0.016891,0.251300
504.000000,0.003975,0.000000,0.042352,-0.025441,0.008456,0.182800
505.000000,0.011844,-0.109960,-0.033840,-0.270717,-0.219957,0.731200
506.000000,0.006866,-0.035397,0.079662,-0.106190,0.070793,0.479900
507.000000,0.007401,0.017451,0.157061,0.017451,0.096001,0.411300
508.000000,0.007242,-0.034245,0.085613,-0.034245,0.059910,0.319900
509.000000,0.011241,0.050759,0.118476,-0.025361,-0.025361,0.388500
510.000000,0.007448,0.017006,0.068024,0.017006,0.042497,0.182800
511.000000,0.009122,0.016863,0.075901,0.000000,0.059038,0.205700
512.000000,0.007454,-0.025017,-0.008351,-0.075015,-0.041683,0.205700
513.000000,0.006442,0.008421,0.058840,-0.025191,0.008421,0.228500
514.000000,0.010932,-0.025185,0.050333,-0.083889,0.041963,0.365600
515.000000,0.009371,-0.008337,0.024939,-0.033313,0.008301,0.160000
516.000000,0.008782,0.016611,0.066442,0.000000,0.033221,0.182800
517.000000,0.005397,-0.024733,0.024769,-0.033002,-0.016501,0.160000
518.000000,0.005917,-0.008260,0.041407,-0.033111,-0.033111,0.205700
519.000000,0.017063,-0.033332,0.291672,-0.033332,0.099996,0.891200
520.000000,0.012008,-0.024491,0.000000,-0.171579,-0.147053,0.479900
521.000000,0.006974,0.016834,0.084171,-0.067337,0.067337,0.411300
522.000000,0.004676,-0.008287,0.024934,-0.033221,-0.008287,0.160000
523.000000,0.006120,-0.024975,0.000000,-0.166418,-0.133142,0.457100
524.000000,0.010602,0.042752,0.205157,0.000000,0.119653,0.548500
525.000000,0.022011,0.025059,0.300525,0.000000,0.191997,0.822700
526.000000,0.015551,-0.056250,0.096459,-0.080382,0.016076,0.502700
527.000000,0.010901,0.016025,0.016025,-0.120170,-0.104145,0.388400
528.000000,0.019280,-0.008201,0.032732,-0.229158,-0.130963,0.731300
529.000000,0.017155,-0.067224,-0.041997,-0.210057,-0.193251,0.571200
530.000000,0.006998,-0.017482,0.043685,-0.052445,0.034963,0.251300
531.000000,0.006318,-0.017360,-0.017360,-0.078140,-0.069441,0.205700
532.000000,0.006096,0.017605,0.061598,0.008783,0.052814,0.159900
533.000000,0.009748,0.008691,0.069683,-0.008729,0.052262,0.205700
534.000000,0.009908,-0.017241,-0.008639,-0.068962,-0.025880,0.182800
535.000000,0.006392,-0.008646,0.034661,-0.025976,0.008684,0.159900
536.000000,0.004847,0.000000,0.008631,-0.043270,-0.034601,0.137100
537.000000,0.007181,-0.017421,0.034842,-0.069683,-0.052262,0.274200
538.000000,0.003918,0.017605,0.043993,-0.026426,0.035210,0.182800
539.000000,0.003590,-0.008760,-0.008760,-0.052445,-0.034963,0.137100
540.000000,0.003046,-0.008822,0.008783,-0.026426,-0.008822,0.091400
541.000000,0.003229,0.008837,0.044109,-0.008799,0.035272,0.137100
542.000000,0.006178,0.017512,0.070050,0.017512,0.043800,0.182800
543.000000,0.004568,0.000000,0.017360,-0.026059,0.008661,0.114300
544.000000,0.005578,-0.017330,-0.008646,-0.086651,-0.077967,0.228500
545.000000,0.003568,0.000000,0.035210,-0.017605,-0.008822,0.137100
546.000000,0.004292,0.008837,0.017636,-0.061706,-0.052908,0.205600
547.000000,0.004718,-0.008893,0.008932,-0.035649,-0.035649,0.114300
548.000000,0.002671,0.026948,0.035905,-0.017953,0.008996,0.137100
549.000000,0.007106,-0.035841,-0.035841,-0.215083,-0.197163,0.548500
550.000000,0.003311,0.046660,0.074624,0.009348,0.074624,0.182800
551.000000,0.002317,-0.009171,0.018382,-0.036763,-0.027552,0.137100
552.000000,0.002524,-0.009262,0.027705,-0.027745,0.000000,0.137100
553.000000,0.002128,0.018483,0.036967,-0.009262,0.027705,0.114300
554.000000,0.002435,0.009211,0.018382,-0.018382,0.000000,0.091400
555.000000,0.002403,0.009211,0.018382,-0.027552,0.000000,0.114200
556.000000,0.004290,0.045974,0.064356,-0.027552,0.018382,0.228500
557.000000,0.003984,-0.027451,0.045806,-0.027451,0.027491,0.182800
558.000000,0.002305,-0.027341,0.009087,-0.054642,0.000000,0.159900
559.000000,0.002430,0.000000,0.000000,-0.100198,-0.072857,0.251400
560.000000,0.002466,0.000000,0.027705,-0.046229,-0.027745,0.182800
561.000000,0.006271,0.018587,0.037173,-0.195139,-0.139379,0.571200
562.000000,0.011319,-0.019956,-0.019956,-0.498029,-0.458201,1.190400
563.000000,0.005277,-0.010962,0.087740,-0.065771,0.021970,0.333300
564.000000,0.006325,-0.021874,0.021828,-0.371208,-0.251110,0.857100
565.000000,0.004513,-0.045964,0.068946,-0.172412,0.057455,0.499900
566.000000,0.003363,0.000000,0.056850,-0.068162,-0.045442,0.261900
567.000000,0.003123,-0.068787,0.045858,-0.126159,0.011465,0.357100
568.000000,0.003170,0.022877,0.068678,-0.034315,0.022877,0.214300
569.000000,0.002158,0.011386,0.034159,-0.045545,-0.034159,0.166600
570.000000,0.002969,0.000000,0.103229,-0.034394,0.091765,0.285700
571.000000,0.004572,0.000000,0.022516,-0.078853,-0.045079,0.214300
572.000000,0.003141,-0.034081,0.056850,-0.034081,0.045489,0.190500
573.000000,0.002402,0.011258,0.011258,-0.078853,-0.045079,0.190500
574.000000,0.002976,0.000000,0.011360,-0.159093,-0.147733,0.357100
575.000000,0.003722,0.105406,0.105406,-0.175643,-0.035119,0.571400
576.000000,0.002849,0.000000,0.094362,-0.035367,0.094362,0.261900
577.000000,0.002372,0.023141,0.034712,-0.023141,0.034712,0.119000
578.000000,0.003615,-0.022982,-0.022982,-0.172412,-0.126448,0.357100
579.000000,0.004344,-0.047156,0.129729,-0.047156,0.082573,0.357100
580.000000,0.002850,0.011598,0.057988,-0.011598,0.046390,0.142800
581.000000,0.002268,0.000000,0.022982,-0.057455,-0.022982,0.166600
582.000000,0.002250,0.000000,0.034632,-0.034632,0.023088,0.142800
583.000000,0.003940,0.011491,0.068946,0.000000,0.045964,0.142800
584.000000,0.002579,0.000000,0.011386,-0.068318,-0.056931,0.166600
585.000000,0.004209,-0.023035,0.069104,-0.126740,0.046070,0.404700
586.000000,0.005967,-0.034237,0.102758,-0.045649,0.091346,0.309500
587.000000,0.007650,-0.033622,0.168159,-0.044877,0.123329,0.452400
588.000000,0.004738,-0.010984,0.000000,-0.065672,-0.032859,0.142900
589.000000,0.016754,-0.022020,0.286354,-0.022020,0.198274,0.666600
590.000000,0.013687,-0.031815,0.169486,-0.074175,0.031770,0.547600
591.000000,0.007876,-0.042137,-0.021046,-0.157893,-0.136846,0.357100
592.000000,0.004056,0.054097,0.054097,-0.021639,0.010819,0.166600
593.000000,0.010235,0.010796,0.226761,-0.021592,-0.010796,0.547500
594.000000,0.006565,-0.032458,0.010819,-0.216478,-0.108239,0.500000
595.000000,0.005208,-0.044235,0.055340,-0.088470,-0.022118,0.309500
596.000000,0.004273,0.000000,0.022216,-0.100018,-0.077755,0.261900
597.000000,0.005927,0.000000,0.248281,0.000000,0.180581,0.523700
598.000000,0.004015,-0.032716,0.054450,-0.098056,-0.054496,0.333300
599.000000,0.006148,-0.011010,0.110147,-0.033030,0.088127,0.309500
600.000000,0.004028,0.010819,0.010819,-0.075781,-0.032458,0.190500
601.000000,0.003222,-0.065386,-0.032716,-0.108946,-0.043606,0.238100
602.000000,0.002799,-0.010986,0.010986,-0.043943,0.010986,0.119000
603.000000,0.003061,0.000000,0.011008,-0.109618,-0.109618,0.261900
604.000000,0.002573,-0.033622,0.011207,-0.089707,-0.033622,0.214300
605.000000,0.002309,0.022567,0.056417,-0.101598,-0.090314,0.333300
606.000000,0.001537,0.000000,0.045964,-0.034473,0.011491,0.166600
607.000000,0.002090,-0.011465,0.080300,-0.011465,0.045858,0.190500
608.000000,0.001424,0.000000,0.022721,-0.045442,-0.011360,0.142800
609.000000,0.003069,-0.011386,0.000000,-0.113863,-0.034159,0.238000
610.000000,0.002551,0.000000,0.057323,-0.022929,0.022929,0.166600
611.000000,0.002551,0.000000,0.079934,-0.022824,0.057109,0.214300
612.000000,0.002109,-0.022614,0.033850,-0.022614,0.011283,0.119100
613.000000,0.001385,0.000000,0.000000,-0.045079,-0.033821,0.095300
614.000000,0.002086,0.000000,0.068055,-0.034004,-0.022669,0.214300
615.000000,0.002240,-0.022773,0.000000,-0.079704,-0.034159,0.166600
616.000000,0.002535,0.000000,0.000000,-0.091717,-0.045858,0.190400
617.000000,0.002642,0.023141,0.092566,-0.011571,0.057853,0.214200
618.000000,0.001836,0.000000,0.011438,-0.057192,-0.045753,0.142800
619.000000,0.001500,0.000000,0.034632,-0.057720,-0.046176,0.190400
620.000000,0.002177,0.034955,0.058258,-0.035004,0.000000,0.190500
621.000000,0.003087,0.011652,0.011652,-0.081610,-0.081610,0.190500
622.000000,0.001838,0.011845,0.047380,-0.059225,0.023690,0.214200
623.000000,0.002018,0.000000,0.058995,0.000000,0.035367,0.119100
624.000000,0.002018,0.035168,0.046874,-0.023413,0.035168,0.142900
625.000000,0.002683,0.023249,0.046498,-0.023249,0.011624,0.142800
626.000000,0.002327,-0.011598,-0.011598,-0.081231,-0.058036,0.166700
627.000000,0.002809,0.011734,0.082185,-0.035201,0.058718,0.238100
628.000000,0.003347,-0.023195,0.069585,-0.034793,0.057988,0.214200
629.000000,0.002087,-0.034394,0.000000,-0.057323,-0.011465,0.119000
630.000000,0.003776,0.011491,0.034473,-0.057455,0.034473,0.190400
631.000000,0.003471,-0.034237,-0.022824,-0.079886,-0.045649,0.166600
632.000000,0.002443,0.011517,0.034552,-0.023035,0.000000,0.119000
633.000000,0.002859,-0.023035,0.023035,-0.057587,-0.057587,0.166600
634.000000,0.003095,0.011652,0.069910,0.000000,0.058258,0.142800
635.000000,0.002570,-0.057587,-0.023035,-0.218879,-0.149774,0.452300
636.000000,0.002142,0.000000,0.059365,-0.011873,0.011873,0.142800
637.000000,0.002070,0.000000,0.023690,-0.035535,-0.023690,0.119000
638.000000,0.008207,-0.107162,-0.083359,-0.440498,-0.392843,0.880900
639.000000,0.004263,-0.012916,0.025832,-0.180880,0.000000,0.380900
640.000000,0.002072,0.051664,0.064581,-0.090467,-0.064635,0.285700
641.000000,0.001664,0.026171,0.039311,-0.091597,-0.065426,0.238100
642.000000,0.002450,0.053035,0.079553,-0.079553,0.000000,0.285600
643.000000,0.002601,-0.013259,-0.013259,-0.185678,-0.159161,0.333300
644.000000,0.002846,-0.137004,0.095920,-0.164394,0.082226,0.452400
645.000000,0.005780,0.000000,0.256046,0.000000,0.242573,0.452300
646.000000,0.003450,-0.038549,0.012850,-0.102852,-0.051399,0.214300
647.000000,0.002821,-0.039004,0.077899,-0.064970,0.000000,0.261900
648.000000,0.003493,-0.077954,0.000000,-0.155853,-0.013038,0.285700
649.000000,0.004841,0.013072,0.195366,0.013072,0.039106,0.357200
650.000000,0.003182,0.000000,0.051664,-0.025832,0.012916,0.142800
651.000000,0.002632,-0.012883,0.064414,-0.051585,0.038648,0.214300
652.000000,0.003215,0.076704,0.089488,0.038352,0.051136,0.166600
653.000000,0.004122,0.012655,0.101290,0.000000,0.075981,0.190500
654.000000,0.004639,0.012465,0.211960,0.012465,0.074791,0.404700
655.000000,0.003254,0.000000,0.036844,-0.073689,0.000000,0.214200
656.000000,0.003978,0.000000,0.012281,-0.085970,-0.012281,0.190400
657.000000,0.002824,0.012312,0.024623,-0.036935,-0.036935,0.119000
658.000000,0.002805,0.012403,0.062017,-0.037210,-0.024807,0.190400
659.000000,0.003352,0.012465,0.062326,-0.074843,-0.062378,0.261900
660.000000,0.006530,0.050544,0.227314,0.012623,0.214638,0.428600
661.000000,0.008844,-0.060515,0.133185,-0.096825,0.072669,0.452300
662.000000,0.012673,0.035789,0.226715,0.000000,0.011930,0.452300
663.000000,0.006551,-0.023803,0.071408,-0.035704,0.035704,0.214200
664.000000,0.005629,0.000000,0.094585,0.000000,0.047268,0.190500
665.000000,0.005839,-0.035119,0.058580,-0.081944,0.011755,0.285700
666.000000,0.005518,-0.058443,0.000000,-0.151874,-0.151874,0.309500
667.000000,0.005471,-0.048229,0.096357,-0.060274,0.084313,0.309500
668.000000,0.004474,0.011845,0.035535,-0.071070,-0.023690,0.214200
669.000000,0.015975,-0.023803,0.357139,-0.107162,0.023803,0.928500
670.000000,0.018905,-0.106654,0.284378,-0.165879,0.142189,0.904700
671.000000,0.012765,-0.046070,0.069104,-0.080670,0.000000,0.309500
672.000000,0.009438,-0.023035,-0.011517,-0.195844,-0.034552,0.404700
673.000000,0.007306,0.000000,0.034793,-0.116024,-0.104427,0.309500
674.000000,0.007118,-0.023690,0.035535,-0.189569,-0.118499,0.452300
675.000000,0.007832,0.109243,0.182038,0.072846,0.109243,0.357100
676.000000,0.005909,-0.023746,0.047492,-0.023746,0.035619,0.142800
677.000000,0.004625,-0.082523,-0.011789,-0.106102,-0.094313,0.214200
678.000000,0.004518,0.012016,0.096126,-0.024031,-0.012016,0.238000
679.000000,0.004881,-0.012045,0.024089,-0.072319,-0.024140,0.190500
680.000000,0.004069,-0.036309,0.000000,-0.121031,-0.108928,0.238000
681.000000,0.002577,0.012373,0.037118,0.000000,0.037118,0.071400
682.000000,0.002126,0.012281,0.024563,-0.012281,0.012281,0.071400
683.000000,0.004680,-0.012251,0.085811,-0.024503,0.061257,0.214300
684.000000,0.004146,0.000000,0.012154,-0.121031,-0.108928,0.261900
685.000000,0.003884,0.000000,0.024745,-0.074288,-0.024745,0.190500
686.000000,0.002592,0.000000,0.037303,-0.049789,-0.012434,0.166700
687.000000,0.002514,0.037396,0.037396,-0.074843,-0.062378,0.214300
688.000000,0.002555,0.000000,0.025245,-0.025245,0.012623,0.095200
689.000000,0.001902,-0.012591,0.000000,-0.050363,-0.025182,0.095200
690.000000,0.001724,0.012655,0.037964,-0.025309,0.000000,0.119000
691.000000,0.003134,-0.025309,-0.025309,-0.164563,-0.075928,0.309500
692.000000,0.002426,0.000000,0.064249,-0.025699,0.051399,0.166600
693.000000,0.002691,0.025438,0.076367,-0.025438,-0.025438,0.190500
694.000000,0.001807,-0.012784,0.012784,-0.038352,0.000000,0.095200
695.000000,0.002834,0.038352,0.038352,-0.076704,-0.051136,0.214200
696.000000,0.002008,0.000000,0.077497,-0.012916,0.038748,0.166600
697.000000,0.005847,0.000000,0.179489,0.000000,0.166672,0.333300
698.000000,0.007033,0.024807,0.086823,-0.037210,0.037210,0.238000
699.000000,0.011882,0.036935,0.197039,0.024623,0.123169,0.380900
700.000000,0.008170,-0.072145,0.012016,-0.096176,-0.060129,0.214300
701.000000,0.005580,0.012162,0.085185,-0.048648,-0.012162,0.261900
702.000000,0.004265,0.024383,0.036575,-0.036575,0.024383,0.142800
703.000000,0.002943,-0.012132,0.024316,-0.024265,0.000000,0.095300
704.000000,0.003420,0.000000,0.036448,-0.036397,0.036448,0.142900
705.000000,0.003395,-0.012045,0.024089,-0.048229,-0.048229,0.142900
706.000000,0.002971,0.012162,0.036537,-0.024324,-0.024324,0.119100
707.000000,0.003420,0.024443,0.073380,-0.012221,0.061158,0.166700
708.000000,0.003375,0.000000,0.024147,-0.036272,-0.012124,0.119100
709.000000,0.002730,-0.012103,0.036360,-0.060515,-0.048412,0.190500
710.000000,0.002304,-0.024443,0.024443,-0.024443,0.024443,0.095200
711.000000,0.003361,-0.012162,0.012162,-0.048648,-0.012162,0.119000
712.000000,0.004399,0.024383,0.061009,-0.024383,0.000000,0.166700
713.000000,0.004939,0.012192,0.048818,-0.060958,-0.048766,0.214300
714.000000,0.005170,0.036935,0.036935,-0.160104,-0.123169,0.380900
715.000000,0.005910,-0.088359,-0.037868,-0.138849,-0.113604,0.261800
716.000000,0.005947,0.000000,0.038748,-0.077551,-0.038803,0.214300
717.000000,0.005163,0.026089,0.078157,-0.013017,0.065140,0.166700
718.000000,0.004855,0.000000,0.089948,0.000000,0.077098,0.166600
719.000000,0.005353,-0.012655,0.063326,-0.012655,0.050672,0.142900
720.000000,0.008486,0.012528,0.087693,-0.012580,0.062638,0.190500
721.000000,0.009890,0.000000,0.148524,-0.024745,0.049491,0.333300
722.000000,0.007870,-0.012251,0.049005,-0.036754,-0.012251,0.166600
723.000000,0.009761,0.012281,0.098303,0.012281,0.098303,0.190500
724.000000,0.011039,0.024089,0.084313,-0.024140,0.024089,0.214300
725.000000,0.006906,0.023974,0.023974,-0.047998,0.011987,0.142900
726.000000,0.011361,0.000000,0.071749,-0.035875,0.011958,0.214200
727.000000,0.007002,-0.023859,0.047719,-0.071628,0.047719,0.238100
728.000000,0.016830,-0.011817,0.200937,-0.011817,0.189120,0.428500
729.000000,0.020097,0.011386,0.148069,-0.045545,0.034159,0.404700
730.000000,0.014879,0.067901,0.067901,-0.079163,-0.045236,0.309500
731.000000,0.010355,0.011412,0.079934,-0.011412,0.022824,0.190500
732.000000,0.009174,0.000000,0.045489,-0.022721,0.045489,0.142900
733.000000,0.015595,0.033774,0.112580,0.000000,0.022516,0.238000
734.000000,0.012447,0.022415,0.089660,-0.022415,0.078452,0.238000
735.000000,0.018088,0.011034,0.110390,-0.022069,0.099356,0.285700
736.000000,0.018399,-0.021639,0.140697,-0.043277,0.097374,0.404700
737.000000,0.019163,-0.063676,-0.063676,-0.350308,-0.329082,0.785600
738.000000,0.015998,0.011360,0.227303,0.011360,0.227303,0.476200
739.000000,0.000000,0.000000,0.000000,0.000000,0.000000,0.000000
740.000000,0.000000,0.000000,0.000000,0.000000,0.000000,0.000000
741.000000,0.000000,0.000000,0.000000,0.000000,0.000000,0.000000
742.000000,0.000000,0.000000,0.000000,0.000000,0.000000,0.000000
743.000000,0.000000,0.000000,0.000000,0.000000,0.000000,0.000000
744.000000,0.000000,0.000000,0.000000,0.000000,0.000000,0.000000
745.000000,0.000000,0.000000,0.000000,0.000000,0.000000,0.000000
746.000000,0.000000,0.000000,0.000000,0.000000,0.000000,0.000000
747.000000,0.000000,0.000000,0.000000,0.000000,0.000000,0.000000
748.000000,0.000000,0.000000,0.000000,0.000000,0.000000,0.000000
749.000000,0.003770,0.499991,0.499991,0.499991,0.499991,1.095100
750.000000,0.003841,0.503931,0.503931,0.503931,0.503931,1.214100
751.000000,0.053131,0.502700,0.502700,0.502700,0.502700,1.333200
752.000000,0.180745,-0.016309,0.473084,-0.146811,0.301810,1.809300
753.000000,0.170117,-0.184626,0.292287,-0.230767,0.146144,1.618800
754.000000,0.146007,-0.141993,0.119578,-0.261572,-0.156937,1.214100
755.000000,0.094824,-0.223765,-0.092598,-0.308649,-0.162055,0.952300
756.000000,0.118758,-0.023917,0.358849,-0.127588,0.231260,1.452200
757.000000,0.152551,-0.137188,0.403975,-0.274375,0.221037,2.118800
758.000000,0.147520,-0.116785,0.350387,-0.175163,-0.007297,1.714100
759.000000,0.130762,-0.131572,0.328945,-0.233912,0.307021,1.833100
760.000000,0.107147,-0.165299,-0.006885,-0.454530,-0.454530,1.571200
761.000000,0.083857,-0.151534,-0.121240,-0.393951,-0.318184,1.238000
762.000000,0.055419,0.088971,0.315510,0.008088,0.056618,0.928400
763.000000,0.066411,0.000000,0.119999,-0.239998,0.088008,1.071300
764.000000,0.047738,-0.007859,-0.007859,-0.275176,-0.094345,0.833300
765.000000,0.047969,-0.024032,0.088149,-0.104170,-0.080139,0.571400
766.000000,0.046531,-0.040705,-0.032564,-0.203559,-0.138431,0.595100
767.000000,0.033482,0.016746,0.050272,-0.134000,-0.117254,0.523800
768.000000,0.024615,0.017148,0.017148,-0.137218,-0.111496,0.428500
769.000000,0.019398,0.017539,0.114039,-0.017539,0.087731,0.357100
770.000000,0.033690,0.000000,0.103455,-0.241382,-0.206909,0.952300
771.000000,0.026818,-0.116911,-0.053941,-0.206813,-0.197823,0.547500
772.000000,0.027717,0.018721,0.084245,-0.262175,-0.206011,0.880800
773.000000,0.018631,0.019526,0.195338,0.019526,0.146483,0.476200
774.000000,0.028191,-0.180254,-0.123344,-0.483852,-0.398487,1.214100
775.000000,0.015628,0.061881,0.144332,-0.010306,0.123719,0.357100
776.000000,0.018789,-0.090517,0.090559,-0.171019,-0.070402,0.619000
777.000000,0.015458,-0.030603,0.061207,-0.051048,0.010201,0.261900
778.000000,0.027509,0.040721,0.132387,-0.132387,0.122207,0.619000
779.000000,0.028437,-0.039792,0.119291,-0.099416,0.099375,0.523800
780.000000,0.021657,-0.087694,-0.048719,-0.194917,-0.175429,0.476100
781.000000,0.030489,0.050490,0.333322,0.010098,0.151514,0.785600
782.000000,0.020516,-0.029403,0.049047,-0.049005,-0.009801,0.238100
783.000000,0.027734,0.039281,0.147346,-0.235771,-0.176807,0.928500
784.000000,0.020067,-0.040721,-0.030541,-0.254594,-0.132387,0.595200
785.000000,0.017021,0.000000,0.156902,-0.010457,0.146445,0.380900
786.000000,0.011902,0.040639,0.040639,-0.132118,-0.111799,0.404700
787.000000,0.011229,0.031176,0.031176,-0.145532,-0.114356,0.404700
788.000000,0.008753,0.000000,0.074491,-0.031906,0.000000,0.238100
789.000000,0.010752,0.010635,0.148938,-0.031906,0.127668,0.404700
790.000000,0.013964,-0.010370,0.093378,-0.051852,-0.031111,0.333300
791.000000,0.008857,-0.010435,0.073092,-0.010435,0.010435,0.190500
792.000000,0.010977,0.000000,0.010414,-0.125008,-0.052068,0.309500
793.000000,0.009455,0.021046,0.094709,-0.021046,-0.010523,0.261800
794.000000,0.009980,-0.031681,0.031636,-0.137135,-0.116044,0.380900
795.000000,0.014759,0.010796,0.097209,-0.140393,-0.086413,0.523800
796.000000,0.008486,0.054975,0.065961,-0.043943,-0.043943,0.238100
797.000000,0.011092,-0.011083,0.011083,-0.210629,-0.188462,0.476100
798.000000,0.008142,0.046070,0.126740,0.011517,0.126740,0.261900
799.000000,0.012557,-0.022465,0.202235,-0.022465,0.191003,0.476100
800.000000,0.007892,0.021639,0.032458,-0.054097,-0.043277,0.190400
801.000000,0.008048,0.043655,0.087311,-0.021874,0.076397,0.238100
802.000000,0.008426,0.010750,0.010750,-0.150539,-0.139790,0.357100
803.000000,0.005965,0.022118,0.077458,0.000000,0.044235,0.166700
804.000000,0.005154,0.055592,0.055592,-0.033300,0.011146,0.193000
805.000000,0.012968,0.099769,0.166267,0.044347,0.099769,0.361800
806.000000,0.012585,-0.010859,0.076055,-0.054338,0.054338,0.289400
807.000000,0.016818,0.021484,0.107508,0.000000,0.086024,0.241200
808.000000,0.009915,0.010560,0.052845,-0.031724,0.052845,0.193000
809.000000,0.012957,0.010450,0.052292,-0.083685,-0.031393,0.313600
810.000000,0.007358,-0.021032,0.021075,-0.084213,-0.042107,0.241300
811.000000,0.008048,0.042464,0.063718,0.010649,0.031859,0.144800
812.000000,0.007608,0.010538,0.010538,-0.137124,-0.063271,0.337700
813.000000,0.012205,0.074755,0.138882,0.064082,0.138882,0.313600
814.000000,0.009933,-0.020812,0.020769,-0.041581,0.000000,0.144700
815.000000,0.018413,0.000000,0.114359,-0.072778,0.031197,0.434300
816.000000,0.033667,0.000000,0.196254,-0.031003,0.051644,0.530700
817.000000,0.020105,-0.030686,0.020429,-0.163604,-0.153389,0.434200
818.000000,0.016716,-0.031657,-0.021076,-0.274248,-0.253172,0.627200
819.000000,0.008186,0.000000,0.066692,-0.044446,0.033346,0.241300
820.000000,0.006895,-0.011026,0.066250,-0.055178,-0.033125,0.265400
821.000000,0.009209,0.022246,0.088892,0.000000,0.022246,0.193000
822.000000,0.005869,0.000000,0.044249,-0.033198,0.000000,0.168900
823.000000,0.007938,0.000000,0.033198,-0.099549,0.022102,0.289500
824.000000,0.012517,0.077106,0.176217,0.011048,0.066104,0.386000
825.000000,0.007405,-0.043479,0.010859,-0.076100,-0.021762,0.193000
826.000000,0.006169,-0.021812,-0.021812,-0.120057,-0.120057,0.265300
827.000000,0.005566,0.000000,0.078267,0.000000,0.022349,0.168800
828.000000,0.008151,0.000000,0.033420,-0.189304,-0.178179,0.482500
829.000000,0.004558,0.034655,0.103917,0.023119,0.080846,0.217100
830.000000,0.006524,0.022704,0.068160,-0.011352,0.056808,0.168800
831.000000,0.004485,0.000000,0.011225,-0.044945,-0.022449,0.120600
832.000000,0.006092,0.011275,0.045148,-0.033873,0.033826,0.168900
833.000000,0.004835,-0.011200,0.011246,-0.056044,-0.044845,0.144800
834.000000,0.007991,0.033949,0.113149,0.000000,0.101848,0.241300
835.000000,0.005579,0.011075,0.011075,-0.121966,-0.110891,0.289500
836.000000,0.004092,0.000000,0.022700,-0.045353,-0.034026,0.144800
837.000000,0.006101,-0.057068,-0.057068,-0.114135,-0.068472,0.241200
838.000000,0.004363,0.000000,0.011562,-0.069422,-0.069422,0.168800
839.000000,0.010506,-0.082174,-0.082174,-0.305196,-0.246521,0.627300
840.000000,0.004356,0.012384,0.024718,-0.037000,-0.024667,0.120600
841.000000,0.004259,0.024789,0.037235,0.000000,0.012394,0.072400
842.000000,0.004747,0.024779,0.049506,-0.086649,-0.061870,0.265400
843.000000,0.003102,0.000000,0.062645,-0.025089,0.062645,0.168900
844.000000,0.003984,-0.024728,0.061870,-0.061870,0.000000,0.241200
845.000000,0.003383,0.037143,0.061870,0.000000,0.012364,0.120600
846.000000,0.008362,-0.098769,0.086435,-0.123435,0.074102,0.410100
847.000000,0.015721,-0.024357,0.291979,-0.036510,0.145989,0.651400
848.000000,0.010327,-0.023666,0.059091,-0.023666,0.047283,0.168900
849.000000,0.006455,0.011698,0.058537,-0.023444,-0.011698,0.168900
850.000000,0.007353,-0.023499,0.082125,-0.023499,0.023450,0.217100
851.000000,0.006540,-0.011670,0.058401,-0.035060,0.023341,0.193000
852.000000,0.005381,-0.011616,0.034897,-0.034849,-0.011616,0.144700
853.000000,0.006946,-0.163151,-0.058265,-0.163151,-0.081551,0.337700
854.000000,0.007205,0.011836,0.165856,0.011836,0.082904,0.337700
855.000000,0.005564,-0.011643,0.023335,-0.034930,-0.023287,0.120600
856.000000,0.005940,-0.011698,0.011698,-0.070284,-0.058537,0.168900
857.000000,0.005512,0.035509,0.047395,-0.118511,-0.094789,0.337800
858.000000,0.007711,0.060375,0.169061,0.048310,0.156996,0.337700
859.000000,0.005274,-0.023444,0.011698,-0.070284,-0.023444,0.168900
860.000000,0.007822,0.000000,0.058813,-0.035259,0.047060,0.192900
861.000000,0.012355,0.011643,0.104886,0.000000,0.034978,0.217100
862.000000,0.013910,0.000000,0.127330,-0.011562,0.034735,0.289500
863.000000,0.017520,0.034448,0.172383,-0.011530,0.137935,0.386000
864.000000,0.015586,0.011174,0.011174,-0.100708,-0.011221,0.241300
865.000000,0.019176,-0.011200,0.168179,-0.044845,-0.011200,0.458400
866.000000,0.010982,0.000000,0.022496,-0.067394,-0.011225,0.193000
867.000000,0.009066,0.000000,0.078843,-0.011250,0.022500,0.193000
868.000000,0.008670,-0.011200,-0.011200,-0.190578,-0.156933,0.410100
869.000000,0.004337,0.011562,0.046298,-0.023173,0.011562,0.144800
870.000000,0.004787,0.034655,0.034655,-0.057727,0.011536,0.193000
871.000000,0.006427,0.011557,0.069151,0.000000,0.023066,0.144800
872.000000,0.005668,0.000000,0.011456,-0.114658,-0.080289,0.265300
873.000000,0.004665,-0.011643,0.046622,-0.023287,0.000000,0.144700
874.000000,0.006352,-0.034930,-0.023287,-0.139865,-0.116530,0.289500
875.000000,0.005895,0.011921,0.023842,-0.107389,-0.095468,0.265300
876.000000,0.003129,0.036510,0.060816,0.000000,0.048663,0.120600
877.000000,0.002602,-0.012036,0.012036,-0.048194,-0.036158,0.120600
878.000000,0.002485,0.012124,0.048545,0.000000,0.012124,0.096500
879.000000,0.002901,0.012145,0.036333,-0.060522,0.036333,0.193000
880.000000,0.003775,-0.012007,0.060085,-0.024014,0.060085,0.168800
881.000000,0.005163,0.000000,0.047507,-0.011865,0.023778,0.120600
882.000000,0.007384,0.059091,0.129990,0.059091,0.082708,0.265300
883.000000,0.005378,0.011664,0.011664,-0.046465,0.011664,0.120600
884.000000,0.005714,-0.011637,0.000000,-0.116036,-0.104399,0.241300
885.000000,0.006715,0.059231,0.142134,0.047395,0.059231,0.289400
886.000000,0.006407,-0.023444,0.011698,-0.117123,-0.070284,0.265400
887.000000,0.004808,0.047507,0.059421,-0.071237,0.059421,0.265400
888.000000,0.004805,-0.011774,0.058675,-0.035224,0.046901,0.193000
889.000000,0.003871,-0.023232,0.011664,-0.034849,0.000000,0.096500
890.000000,0.004215,-0.011616,0.011664,-0.069746,-0.046465,0.168900
891.000000,0.000000,0.000000,0.000000,0.000000,0.000000,0.000000
892.000000,0.009859,0.023450,0.129075,0.023450,0.058675,0.265300
893.000000,0.005006,0.000000,0.000000,-0.127626,-0.116036,0.265400
894.000000,0.004952,-0.023729,0.000000,-0.106879,-0.095015,0.217100
895.000000,0.004483,0.024239,0.109000,0.012145,0.036333,0.217200
896.000000,0.003213,0.000000,0.036071,-0.072093,0.024064,0.217100
897.000000,0.003118,0.023899,0.047848,-0.023949,0.000000,0.144800
898.000000,0.003588,0.035849,0.047848,-0.023949,0.000000,0.144800
899.000000,0.002498,0.023899,0.035849,-0.059847,-0.035898,0.193000
900.000000,0.002541,-0.024122,0.036158,-0.024122,0.012036,0.120700
901.000000,0.002409,0.012007,0.048078,-0.012007,-0.012007,0.120600
902.000000,0.004304,0.012036,0.012036,-0.120510,-0.096388,0.265400
903.000000,0.002407,0.000000,0.024545,-0.036869,0.012273,0.120600
904.000000,0.001920,0.012243,0.024536,-0.024485,-0.012243,0.096500
905.000000,0.001954,0.024545,0.061414,0.000000,0.049141,0.120600
906.000000,0.002357,-0.024357,0.000000,-0.073020,-0.073020,0.144800
907.000000,0.002500,-0.037000,0.061769,-0.037000,0.037051,0.193000
908.000000,0.003027,0.000000,0.061264,0.000000,0.061264,0.120600
909.000000,0.002106,0.000000,0.012145,-0.060522,-0.036283,0.144800
910.000000,0.001947,0.000000,0.000000,-0.048782,-0.012233,0.096500
911.000000,0.002656,0.012263,0.036689,-0.036638,-0.024425,0.144700
912.000000,0.003754,0.000000,0.049141,-0.036869,0.049141,0.168900
913.000000,0.002850,-0.012153,0.024306,-0.036510,-0.024357,0.120600
914.000000,0.003457,0.000000,0.012263,-0.048901,-0.024425,0.120700
915.000000,0.002712,0.024545,0.049141,-0.012273,0.000000,0.120600
916.000000,0.003206,-0.012273,0.000000,-0.049141,0.000000,0.096500
917.000000,0.002572,-0.012273,0.024545,-0.024596,0.000000,0.096500
918.000000,0.003068,-0.024596,0.012273,-0.061414,0.000000,0.144700
919.000000,0.002950,-0.012273,0.049141,-0.024596,0.036869,0.144800
920.000000,0.003629,0.000000,0.048782,-0.024416,0.024366,0.144800
921.000000,0.005243,0.000000,0.060669,-0.036421,0.048545,0.193000
922.000000,0.003168,-0.012007,0.024064,-0.036071,-0.012007,0.120700
923.000000,0.003687,0.036158,0.036158,-0.036158,0.036158,0.144800
924.000000,0.003433,-0.023949,0.000000,-0.047848,-0.011999,0.096500
925.000000,0.021459,0.024006,0.503638,-0.011978,0.167896,1.037400
926.000000,0.011844,0.057994,0.057994,-0.081221,-0.023227,0.289500
927.000000,0.008931,0.011643,0.046622,-0.011643,0.046622,0.120600
928.000000,0.009878,-0.034655,0.046191,-0.034655,0.034655,0.168900
929.000000,0.005754,-0.022960,0.000000,-0.045873,-0.034417,0.096500
930.000000,0.005138,-0.011536,0.011536,-0.023071,0.000000,0.072300
931.000000,0.006957,0.023119,0.069310,-0.011536,0.000000,0.168900
932.000000,0.006384,0.000000,0.000000,-0.138572,-0.126989,0.289500
933.000000,0.002995,0.000000,0.071067,-0.011885,0.071067,0.168900
934.000000,0.002549,0.000000,0.000000,-0.046730,-0.023341,0.096500
935.000000,0.004051,0.011725,0.023450,-0.035224,0.023450,0.120600
936.000000,0.005769,-0.023341,0.058401,-0.035060,-0.023341,0.193000
937.000000,0.007566,0.000000,0.129075,-0.046949,0.117349,0.361800
938.000000,0.028629,-0.022960,0.298150,-0.034417,0.275237,0.699600
939.000000,0.013532,-0.010859,0.021717,-0.086959,-0.032621,0.241200
940.000000,0.017233,-0.010930,0.109390,-0.054695,0.065670,0.361800
941.000000,0.037416,-0.064819,-0.064819,-0.356414,-0.205200,0.796200
942.000000,0.013871,-0.033796,0.022500,-0.078843,0.011250,0.217100
943.000000,0.011595,-0.056170,0.000000,-0.089890,-0.078666,0.193000
944.000000,0.007503,0.022855,0.068519,0.011451,0.045664,0.144800
945.000000,0.007001,0.011348,0.022649,-0.056551,-0.045250,0.168900
946.000000,0.004811,-0.011404,0.022855,-0.045664,0.022855,0.144800
947.000000,0.008392,-0.011352,0.045456,-0.034104,0.022704,0.168900
948.000000,0.004932,-0.011301,-0.011301,-0.067852,-0.045250,0.144700
949.000000,0.004208,0.011451,0.011451,-0.057068,-0.045664,0.144800
950.000000,0.002884,0.023066,0.046084,-0.023018,-0.011509,0.144700
951.000000,0.004750,0.011536,0.057727,0.000000,0.057727,0.120600
952.000000,0.004255,-0.022808,-0.011404,-0.057068,-0.057068,0.120600
953.000000,0.004434,0.000000,0.011536,-0.080798,-0.011536,0.192900
954.000000,0.007282,-0.023173,-0.023173,-0.185191,-0.150455,0.386000
955.000000,0.002700,-0.501182,-0.501182,-0.501182,-0.501182,1.013200
956.000000,0.015288,-0.490715,-0.132657,-0.490715,-0.145906,0.892600
957.000000,0.008139,-0.040999,0.218585,-0.054646,0.068294,0.482500
958.000000,0.005921,-0.013464,0.080893,-0.026927,0.026983,0.193000
959.000000,0.006744,-0.013447,0.013391,-0.093850,-0.013447,0.193000
960.000000,0.007315,-0.013427,0.094103,-0.067193,0.067248,0.289500
961.000000,0.007843,-0.013304,0.079550,-0.026553,0.026498,0.193000
962.000000,0.005351,-0.026359,0.039593,-0.026359,0.039593,0.120600
963.000000,0.005943,0.000000,0.026152,-0.091639,-0.078563,0.217100
964.000000,0.004108,0.013340,0.026624,-0.039854,0.013340,0.120600
965.000000,0.007064,0.013249,0.145851,0.000000,0.132602,0.265300
966.000000,0.006352,-0.012907,0.064588,-0.012907,0.038774,0.144700
967.000000,0.006156,0.000000,0.025615,-0.051283,-0.038476,0.144700
968.000000,0.007211,0.000000,0.129176,0.000000,0.129176,0.241200
969.000000,0.008274,0.000000,0.088177,-0.037746,0.050380,0.241200
970.000000,0.009179,-0.037369,-0.024913,-0.124667,-0.062333,0.241200
971.000000,0.011176,-0.088347,-0.088347,-0.252533,-0.113627,0.482500
972.000000,0.010212,-0.090455,0.142136,-0.116269,0.025867,0.482500
973.000000,0.007734,0.012840,0.064256,-0.038575,0.012840,0.193000
974.000000,0.011004,-0.141043,-0.064091,-0.230802,-0.205134,0.434300
975.000000,0.008117,0.000000,0.187143,0.000000,0.187143,0.337700
976.000000,0.020075,0.012927,0.296415,0.012927,0.141770,0.554900
977.000000,0.021486,-0.112772,0.187988,-0.112772,0.112772,0.579000
978.000000,0.013746,0.024536,0.049021,-0.049021,0.012243,0.193000
979.000000,0.009172,-0.048901,0.000000,-0.097803,-0.012213,0.193000
980.000000,0.009747,-0.049021,0.012243,-0.147063,-0.134821,0.313600
981.000000,0.009860,-0.100707,0.075595,-0.151086,0.063014,0.434200
982.000000,0.012089,0.024850,0.099505,-0.012477,0.000000,0.217200
983.000000,0.007394,-0.074655,-0.062229,-0.136832,-0.111982,0.265400
984.000000,0.009551,-0.254409,-0.050840,-0.254409,-0.076312,0.482400
985.000000,0.010079,0.077495,0.155043,-0.051681,-0.038774,0.386000
986.000000,0.008002,-0.052085,0.052085,-0.143193,-0.039023,0.361800
987.000000,0.006698,0.052495,0.091825,-0.065659,-0.052495,0.289500
988.000000,0.009061,-0.066356,0.026498,-0.172459,-0.013304,0.361900
989.000000,0.006107,0.039909,0.106386,-0.013285,0.053193,0.217100
990.000000,0.007349,-0.065778,-0.065778,-0.197334,-0.171045,0.361800
991.000000,0.004296,0.068108,0.095385,0.000000,0.095385,0.168900
992.000000,0.006319,0.053477,0.106955,0.013356,0.093599,0.193000
993.000000,0.004332,-0.039385,-0.026275,-0.078769,-0.078769,0.144800
994.000000,0.004541,0.040015,0.080030,0.013320,0.026695,0.144800
995.000000,0.005256,-0.053052,-0.053052,-0.132657,-0.106103,0.241300
996.000000,0.004214,0.054202,0.081275,0.013536,0.054202,0.144700
997.000000,0.004160,-0.026838,0.000000,-0.067067,-0.040229,0.120700
998.000000,0.003345,-0.040556,0.027000,-0.054056,0.027000,0.144700
999.000000,0.002799,0.000000,0.013483,-0.053765,-0.040282,0.120700
1000.000000,0.004896,0.054202,0.094811,0.040609,0.067738,0.168800
1001.000000,0.005104,0.000000,0.040122,-0.026766,0.040122,0.120700
1002.000000,0.006889,0.013249,0.106103,-0.013304,0.026498,0.217200
1003.000000,0.008898,-0.039593,0.079185,-0.118723,-0.026359,0.361900
1004.000000,0.003179,-0.066356,-0.026553,-0.092854,-0.039803,0.168900
1005.000000,0.004497,0.000000,0.040122,-0.013356,0.026711,0.096500
1006.000000,0.004881,-0.026569,0.013340,-0.053193,-0.026569,0.120700
1007.000000,0.003876,-0.040122,0.000000,-0.053477,-0.026766,0.096500
1008.000000,0.003826,0.026910,0.026910,-0.040282,0.000000,0.120600
1009.000000,0.003512,0.000000,0.053765,-0.026855,0.013483,0.144700
1010.000000,0.004482,-0.026838,0.013391,-0.093850,-0.053621,0.193000
1011.000000,0.002286,-0.013593,0.013536,-0.040665,0.000000,0.096500
1012.000000,0.004611,0.027073,0.067738,-0.027129,0.027073,0.168900
1013.000000,0.003222,-0.013464,-0.013464,-0.067374,-0.067374,0.120600
1014.000000,0.002584,0.000000,0.027295,-0.027351,0.013647,0.096500
1015.000000,0.005051,0.000000,0.000000,-0.204324,-0.136216,0.361800
1016.000000,0.002842,-0.013991,0.027983,-0.042032,-0.013991,0.120600
1017.000000,0.003572,0.000000,0.070212,0.000000,0.056123,0.120600
1018.000000,0.003552,-0.027750,0.027808,-0.069432,0.013933,0.168900
1019.000000,0.003033,0.000000,0.013836,-0.027730,-0.013894,0.072400
1020.000000,0.002905,0.013933,0.055557,-0.013875,0.027808,0.120600
1021.000000,0.004328,-0.013798,0.013798,-0.069048,-0.041452,0.144700
1022.000000,0.004966,0.013914,0.069626,-0.027827,0.027885,0.168800
1023.000000,0.005596,-0.013894,0.055403,-0.041567,0.027673,0.168900
1024.000000,0.002155,-0.027521,0.000000,-0.055098,-0.055098,0.096500
1025.000000,0.002383,0.013914,0.083597,0.013914,0.027885,0.144800
1026.000000,0.007991,0.221612,0.221612,0.055403,0.069240,0.386000
1027.000000,0.005515,0.013647,0.013647,-0.081998,-0.068294,0.168900
1028.000000,0.006122,-0.013894,0.083076,-0.041567,0.027673,0.217100
1029.000000,0.004726,0.000000,0.041338,-0.041338,0.000000,0.144800
1030.000000,0.004786,0.000000,0.000000,-0.110196,-0.096379,0.193000
1031.000000,0.003081,0.000000,0.042092,-0.028120,0.000000,0.120600
1032.000000,0.002708,0.000000,0.042092,0.000000,0.028061,0.072300
1033.000000,0.002506,-0.013952,0.013952,-0.027905,0.000000,0.072300
1034.000000,0.003317,0.000000,0.041915,-0.027905,-0.013952,0.120600
1035.000000,0.003390,0.000000,0.041974,-0.028041,0.027983,0.120600
1036.000000,0.006209,-0.041741,0.111424,-0.041741,0.083597,0.265300
1037.000000,0.008476,0.027370,0.136961,-0.013742,0.068481,0.265400
1038.000000,0.004909,-0.027056,0.000000,-0.067555,-0.054056,0.120600
1039.000000,0.004604,0.081941,0.081941,0.013647,0.040999,0.144700
1040.000000,0.003870,-0.040665,0.013536,-0.054202,-0.040665,0.120600
1041.000000,0.003031,0.013647,0.027295,-0.013647,0.000000,0.072300
1042.000000,0.002693,0.000000,0.027295,-0.027351,0.027295,0.096500
1043.000000,0.002138,-0.013573,-0.013573,-0.067923,-0.054350,0.120600
1044.000000,0.002637,-0.027445,0.027502,-0.041167,-0.027445,0.120600
1045.000000,0.002124,-0.096702,0.000000,-0.110500,-0.027654,0.193000
1046.000000,0.002940,0.027808,0.069490,-0.013875,0.000000,0.144800
1047.000000,0.002659,0.027808,0.055557,0.000000,0.027808,0.096500
1048.000000,0.002971,0.000000,0.027596,-0.027654,0.013798,0.096500
1049.000000,0.005991,0.000000,0.041338,-0.041338,0.041338,0.144800
1050.000000,0.006553,0.000000,0.068294,-0.027351,0.040999,0.168900
1051.000000,0.004346,-0.013593,0.000000,-0.081331,-0.067795,0.144800
1052.000000,0.002072,0.013779,0.013779,-0.041167,-0.013722,0.096500
1053.000000,0.002284,0.000000,0.000000,-0.041338,-0.013760,0.072400
1054.000000,0.001888,-0.013798,-0.013798,-0.069048,-0.055250,0.120600
1055.000000,0.002147,0.013952,0.041915,0.000000,0.027905,0.072400
1056.000000,0.004291,0.013933,0.055557,0.000000,0.055557,0.096500
1057.000000,0.009808,-0.027445,0.123673,-0.041167,0.096171,0.289500
1058.000000,0.008385,0.000000,0.080893,-0.013464,0.040446,0.168900
1059.000000,0.013909,0.026711,0.200554,0.026711,0.200554,0.361900
1060.000000,0.014520,0.025681,0.115671,-0.038575,-0.025734,0.289500
1061.000000,0.010947,0.013121,0.157078,-0.026189,0.091634,0.342200
1062.000000,0.012989,0.025717,0.089984,0.012832,0.077099,0.171100
1063.000000,0.016261,-0.025275,0.075980,-0.063291,-0.025275,0.268900
1064.000000,0.014223,-0.025455,0.089016,-0.038209,0.076314,0.244400
1065.000000,0.027225,0.000000,0.238115,-0.087729,0.137824,0.635500
1066.000000,0.016316,-0.060976,-0.048751,-0.231677,-0.207277,0.464300
1067.000000,0.011387,0.000000,0.025403,-0.190838,-0.165435,0.415400
1068.000000,0.007839,0.000000,0.052653,-0.078926,0.000000,0.244400
1069.000000,0.008273,0.000000,0.131579,0.000000,0.118443,0.244400
1070.000000,0.006347,0.000000,0.025717,-0.038550,0.000000,0.122200
1071.000000,0.005930,0.012832,0.051435,-0.051435,-0.025717,0.195600
1072.000000,0.007461,-0.012899,0.000000,-0.142097,-0.038749,0.268800
1073.000000,0.007577,-0.026052,0.026052,-0.156260,-0.156260,0.342200
1074.000000,0.004375,0.040311,0.053785,-0.040311,0.013474,0.171100
1075.000000,0.003336,0.013383,0.053586,0.000000,0.026766,0.097700
1076.000000,0.005413,0.000000,0.066667,-0.053301,0.066667,0.219900
1077.000000,0.006599,0.000000,0.026327,-0.039463,-0.013136,0.122200
1078.000000,0.006280,-0.013171,0.052792,-0.065963,0.026396,0.220000
1079.000000,0.008976,0.026257,0.144335,0.013102,0.104975,0.268800
1080.000000,0.009202,0.012832,0.051435,-0.051435,0.012832,0.195600
1081.000000,0.039439,-0.025599,0.500021,-0.089702,0.500021,1.124200
1082.000000,0.104814,0.501154,0.501154,0.139869,0.139869,1.050900
1083.000000,0.045687,-0.294811,-0.215437,-0.408189,-0.385504,0.879900
1084.000000,0.025187,-0.024580,0.049160,-0.098270,-0.012265,0.293300
1085.000000,0.016342,0.000000,0.012295,-0.135497,-0.123152,0.293300
1086.000000,0.013757,0.000000,0.075736,-0.063131,0.063131,0.268800
1087.000000,0.009447,0.000000,0.024948,-0.037396,0.000000,0.122200
1088.000000,0.007913,-0.024948,0.012448,-0.062344,-0.012499,0.146600
1089.000000,0.012057,0.000000,0.075031,-0.012480,0.062500,0.171100
1090.000000,0.009422,-0.012325,0.012376,-0.037027,-0.024651,0.097800
1091.000000,0.011039,0.000000,0.012387,-0.049648,-0.037261,0.122200
1092.000000,0.011127,-0.024959,0.050020,-0.049969,0.025010,0.195500
1093.000000,0.006965,-0.012417,0.000000,-0.049721,-0.012417,0.097700
1094.000000,0.006198,0.000000,0.000000,-0.062344,-0.049895,0.122200
1095.000000,0.007135,0.012625,0.025199,-0.050347,-0.037773,0.146600
1096.000000,0.010259,0.000000,0.012670,-0.114233,-0.101512,0.244400
1097.000000,0.004117,0.012932,0.038849,0.000000,0.025917,0.073300
1098.000000,0.005769,0.012865,0.064432,-0.025784,0.051514,0.171100
1099.000000,0.005097,0.000000,0.038255,-0.012734,-0.012734,0.097700
1100.000000,0.003683,0.000000,0.025586,-0.038352,0.012767,0.122200
1101.000000,0.004109,-0.025521,0.012786,-0.050989,-0.025521,0.122200
1102.000000,0.005271,0.012852,0.025652,-0.038451,-0.012800,0.122200
1103.000000,0.005024,-0.051435,0.025717,-0.089984,0.012832,0.220000
1104.000000,0.007380,0.012852,0.141057,-0.012800,0.012852,0.293300
1105.000000,0.005655,0.012767,0.076705,-0.012819,0.063938,0.171100
1106.000000,0.020764,-0.050525,0.138867,-0.050525,0.100999,0.366600
1107.000000,0.013138,0.012356,0.061881,-0.222761,-0.197999,0.562100
1108.000000,0.006354,-0.051567,0.000000,-0.103134,-0.025784,0.195600
1109.000000,0.016761,0.000000,0.259066,-0.051834,0.233149,0.586600
1110.000000,0.007599,-0.049525,0.000000,-0.111406,-0.074237,0.220000
1111.000000,0.006145,-0.012594,0.037678,-0.062814,-0.037729,0.195500
1112.000000,0.004649,-0.012638,0.000000,-0.063291,-0.050602,0.122200
1113.000000,0.006455,0.025586,0.063938,-0.012819,0.038352,0.146700
1114.000000,0.005152,0.000000,0.012670,-0.050782,-0.025391,0.122200
1115.000000,0.005361,-0.025521,-0.012734,-0.102030,-0.076510,0.195500
1116.000000,0.002807,0.012932,0.025917,-0.012985,0.012932,0.073400
1117.000000,0.005019,-0.012899,-0.012899,-0.090450,-0.077498,0.171100
1118.000000,0.003036,-0.013155,0.026257,-0.052515,-0.013155,0.146700
1119.000000,0.003156,0.026327,0.026327,-0.065789,-0.065789,0.171100
1120.000000,0.001935,0.000000,0.053355,0.000000,0.026678,0.097800
1121.000000,0.002046,0.026536,0.026536,-0.026536,0.000000,0.097800
1122.000000,0.002949,0.026536,0.092849,0.013295,0.066313,0.171100
1123.000000,0.004917,0.026189,0.078566,0.000000,0.065445,0.146700
1124.000000,0.003415,-0.012899,0.000000,-0.038749,-0.038749,0.073300
1125.000000,0.003311,0.026052,0.026052,-0.039052,-0.039052,0.122200
1126.000000,0.003695,0.000000,0.013102,-0.039359,0.000000,0.097700
1127.000000,0.002857,0.000000,0.013102,-0.039359,0.013102,0.097700
1128.000000,0.008694,0.130890,0.209456,0.026189,0.039256,0.391100
1129.000000,0.004190,-0.025932,0.013019,-0.077901,0.000000,0.171100
1130.000000,0.002831,0.000000,0.013019,-0.051916,-0.012966,0.122200
1131.000000,0.002819,-0.026052,0.026052,-0.039052,0.000000,0.122200
1132.000000,0.002587,0.012999,0.012999,-0.052104,-0.052104,0.122200
1133.000000,0.002435,0.000000,0.026327,-0.039463,-0.013136,0.122200
1134.000000,0.002522,-0.013171,0.026396,-0.039567,0.013171,0.122200
1135.000000,0.002418,0.013190,0.013190,-0.052599,-0.013136,0.122200
1136.000000,0.003655,-0.013171,0.000000,-0.065963,-0.052792,0.122200
1137.000000,0.002913,0.026678,0.026678,-0.066667,-0.053301,0.171100
1138.000000,0.005378,0.000000,0.000000,-0.121315,-0.094350,0.220000
1139.000000,0.002422,0.000000,0.082395,-0.027484,0.068681,0.195500
1140.000000,0.002788,0.067750,0.067750,-0.040639,0.027111,0.195500
1141.000000,0.003026,-0.013510,0.053875,-0.013510,0.026965,0.122200
1142.000000,0.005432,0.000000,0.093789,-0.026820,0.026766,0.219900
1143.000000,0.006946,0.013366,0.120022,0.000000,0.120022,0.220000
1144.000000,0.004881,0.000000,0.039052,-0.065104,-0.039052,0.195500
1145.000000,0.003631,-0.026257,0.000000,-0.052515,-0.039359,0.097800
1146.000000,0.005470,-0.013260,0.079343,-0.026466,0.079343,0.195500
1147.000000,0.003857,-0.039052,-0.026052,-0.078103,-0.052104,0.146600
1148.000000,0.009082,0.131579,0.210559,0.065789,0.078980,0.391100
1149.000000,0.021340,-0.012985,0.246081,-0.038849,0.142465,0.537600
1150.000000,0.013079,-0.025199,0.050398,-0.088171,-0.037773,0.268900
1151.000000,0.008168,-0.012670,0.000000,-0.088843,-0.063452,0.171100
1152.000000,0.009400,-0.038550,0.102817,-0.038550,0.051435,0.268800
1153.000000,0.007059,-0.012754,0.025403,-0.038209,-0.012754,0.122200
1154.000000,0.005381,-0.025521,0.051041,-0.038255,-0.025521,0.171100
1155.000000,0.005722,0.012852,0.038504,-0.076902,-0.076902,0.220000
1156.000000,0.004475,0.000000,0.039052,-0.026052,0.026052,0.122200
1157.000000,0.010617,-0.025917,0.129533,-0.103616,0.064766,0.439900
1158.000000,0.008671,-0.025586,0.025586,-0.063938,-0.025586,0.171100
1159.000000,0.005135,-0.025717,0.038550,-0.025717,0.012832,0.122200
1160.000000,0.005887,0.000000,0.025652,-0.038451,0.000000,0.122200
1161.000000,0.004275,-0.012800,0.012852,-0.051251,-0.038451,0.122200
1162.000000,0.003804,0.012952,0.025850,-0.025850,0.000000,0.097800
1163.000000,0.005310,-0.012899,0.000000,-0.077498,-0.077498,0.146600
1164.000000,0.002766,0.013102,0.039359,-0.013155,0.013102,0.097800
1165.000000,0.003151,0.013121,0.013121,-0.091634,-0.078512,0.195600
1166.000000,0.003021,-0.013330,0.013276,-0.039882,-0.026606,0.097700
1167.000000,0.003881,0.000000,0.013347,-0.066845,-0.040096,0.146600
1168.000000,0.001815,0.013455,0.013455,-0.053930,0.013455,0.122200
1169.000000,0.001414,0.000000,0.000000,-0.040311,-0.013419,0.073300
1170.000000,0.001582,0.013455,0.026965,-0.026965,-0.013510,0.097800
1171.000000,0.002523,0.013547,0.081114,-0.013491,0.081114,0.171100
1172.000000,0.002402,-0.013330,0.013276,-0.053213,0.000000,0.122200
1173.000000,0.001607,0.013276,0.013276,-0.039882,0.013276,0.097700
1174.000000,0.003184,-0.026536,-0.013241,-0.119331,-0.106090,0.219900
1175.000000,0.002669,0.013528,0.027111,-0.013528,0.027111,0.073300
1176.000000,0.003178,0.000000,0.026965,-0.053930,-0.053930,0.146700
1177.000000,0.002965,0.000000,0.081777,-0.027259,0.068120,0.195600
1178.000000,0.008959,0.000000,0.268817,-0.026893,0.094097,0.537700
1179.000000,0.016240,-0.092359,0.211059,-0.131926,0.158321,0.635400
1180.000000,0.009011,-0.089524,-0.012819,-0.140695,-0.089524,0.268900
1181.000000,0.007633,0.026052,0.065104,-0.039052,-0.012999,0.195500
1182.000000,0.007557,0.000000,0.052187,-0.039207,0.026067,0.171100
1183.000000,0.016038,-0.038950,0.207824,-0.064935,0.103939,0.513300
1184.000000,0.009776,-0.101822,-0.063613,-0.139979,-0.139979,0.268900
1185.000000,0.007324,-0.013068,0.078566,-0.130890,-0.065445,0.391100
1186.000000,0.003671,-0.026536,-0.013241,-0.106090,-0.039777,0.195500
1187.000000,0.005520,-0.013347,0.000000,-0.133689,-0.120342,0.244400
1188.000000,0.002753,0.000000,0.041141,-0.027352,0.027408,0.122200
1189.000000,0.004165,0.000000,0.040861,-0.081721,0.000000,0.219900
1190.000000,0.003923,0.000000,0.068120,-0.054462,0.013657,0.219900
1191.000000,0.002548,0.000000,0.027129,-0.027185,0.013565,0.097700
1192.000000,0.004020,-0.027111,0.027111,-0.040639,0.013528,0.122200
1193.000000,0.003431,-0.013491,0.013547,-0.040529,-0.026983,0.097800
1194.000000,0.002409,0.000000,0.013565,-0.040805,-0.040805,0.097800
1195.000000,0.003088,0.027408,0.068493,0.000000,0.054817,0.122200
1196.000000,0.002576,0.000000,0.000000,-0.054222,-0.040639,0.097800
1197.000000,0.003110,0.000000,0.000000,-0.082000,-0.068306,0.146700
1198.000000,0.003198,0.000000,0.013828,-0.096964,-0.083136,0.195500
1199.000000,0.003324,0.000000,0.028181,-0.042242,-0.014061,0.122200
1200.000000,0.003996,-0.014101,-0.014101,-0.098881,-0.084722,0.171100
1201.000000,0.003655,0.028688,0.028688,-0.100586,-0.086241,0.219900
1202.000000,0.002150,-0.014596,0.087755,-0.043848,0.029252,0.220000
1203.000000,0.001179,0.000000,0.043593,-0.014511,0.000000,0.097700
1204.000000,0.002479,0.000000,0.000000,-0.087185,-0.072674,0.146600
1205.000000,0.004116,-0.014725,0.000000,-0.132767,-0.103256,0.220000
1206.000000,0.002443,0.000000,0.075301,-0.045168,-0.015036,0.195500
1207.000000,0.001929,0.030224,0.030224,-0.015143,0.015081,0.073400
1208.000000,0.002385,0.000000,0.030133,-0.060204,0.015097,0.146600
1209.000000,0.001300,0.000000,0.029981,-0.015052,0.014990,0.073300
1210.000000,0.002925,0.044898,0.179652,0.044898,0.134754,0.293300
1211.000000,0.002655,-0.014613,0.101992,-0.014613,0.087439,0.195500
1212.000000,0.005187,0.042968,0.114601,0.000000,0.014303,0.195500
1213.000000,0.002117,0.000000,0.028583,-0.042845,-0.014262,0.122200
1214.000000,0.002283,0.000000,0.042968,-0.042968,0.000000,0.146600
1215.000000,0.002249,0.014303,0.085936,0.000000,0.042968,0.146600
1216.000000,0.002678,-0.028421,-0.014181,-0.099443,-0.014181,0.171100
1217.000000,0.001858,0.000000,0.014222,-0.028501,0.014222,0.073300
1218.000000,0.002120,-0.014181,0.000000,-0.085204,-0.056783,0.146600
1219.000000,0.002406,0.000000,0.057435,0.000000,0.043091,0.097700
1220.000000,0.003009,0.000000,0.042723,-0.014280,0.014222,0.097800
1221.000000,0.003118,0.014239,0.085262,-0.028421,0.056841,0.195600
1222.000000,0.002852,0.000000,0.028101,-0.056202,-0.042123,0.146700
1223.000000,0.006575,0.000000,0.099103,-0.113360,0.014141,0.366600
1224.000000,0.003735,0.014101,0.014101,-0.127141,-0.112982,0.244400
1225.000000,0.002694,0.014427,0.101167,-0.028913,0.072254,0.220000
1226.000000,0.002773,-0.014280,0.056945,-0.028501,0.042723,0.146600
1227.000000,0.005576,0.000000,0.098881,-0.014101,0.084722,0.195500
1228.000000,0.003999,0.013923,0.055578,-0.027732,0.013923,0.146600
1229.000000,0.002534,0.000000,0.013828,-0.027712,-0.027712,0.073300
1230.000000,0.002060,0.000000,0.013905,-0.041771,-0.027866,0.097700
1231.000000,0.002277,-0.028023,0.028023,-0.042005,-0.028023,0.122200
1232.000000,0.002699,0.028181,0.084542,-0.014061,0.070423,0.171100
1233.000000,0.001938,0.013923,0.013923,-0.069444,-0.055521,0.146700
1234.000000,0.002326,0.000000,0.042123,-0.028101,0.000000,0.122200
1235.000000,0.001903,-0.028101,0.028101,-0.028101,-0.014079,0.097800
1236.000000,0.002202,0.000000,0.028181,-0.014061,0.014119,0.073300
1237.000000,0.003309,0.014022,0.070224,-0.014079,0.042123,0.146700
1238.000000,0.007168,0.000000,0.139275,-0.041771,0.055733,0.317700
1239.000000,0.011114,-0.055118,0.137740,-0.068870,0.082621,0.366600
1240.000000,0.005799,-0.027111,-0.027111,-0.094862,-0.040639,0.171100
1241.000000,0.003364,-0.027333,0.013639,-0.068306,-0.054667,0.146600
1242.000000,0.002901,-0.013790,0.013846,-0.041425,0.000000,0.097800
1243.000000,0.005304,0.069061,0.096696,0.027636,0.069061,0.171100
1244.000000,0.003586,-0.013602,0.000000,-0.081721,-0.081721,0.146600
1245.000000,0.002886,0.000000,0.069252,0.000000,0.041540,0.122200
1246.000000,0.002428,-0.027484,0.027484,-0.027484,0.000000,0.097800
1247.000000,0.002516,-0.027484,0.013714,-0.068681,-0.054967,0.146600
1248.000000,0.002205,0.000000,0.027789,-0.013866,0.027789,0.073300
1249.000000,0.003901,-0.027636,-0.013790,-0.082850,-0.055215,0.146600
1250.000000,0.014198,0.167551,0.293271,0.125663,0.265326,0.513200
1251.000000,0.006277,-0.013241,0.026536,-0.066313,-0.053018,0.171100
1252.000000,0.004656,-0.013438,0.026766,-0.026820,-0.013438,0.097700
1253.000000,0.003278,0.000000,0.013474,-0.040311,-0.013419,0.097800
1254.000000,0.003028,0.013455,0.040420,-0.013510,0.013455,0.097800
1255.000000,0.002655,-0.013419,-0.013419,-0.080623,-0.067204,0.146600
1256.000000,0.003647,-0.027259,-0.013602,-0.095379,-0.081721,0.171100
1257.000000,0.002322,0.000000,0.000000,-0.069252,0.000000,0.122200
1258.000000,0.001629,0.000000,0.000000,-0.041540,-0.013884,0.073300
1259.000000,0.001617,-0.013866,0.041712,-0.013866,0.013923,0.097800
1260.000000,0.002340,-0.027712,0.000000,-0.083136,-0.027712,0.146700
1261.000000,0.001554,-0.013905,0.041771,-0.013905,0.013905,0.097700
1262.000000,0.003865,0.013923,0.138889,0.013923,0.069444,0.244400
1263.000000,0.003997,-0.041085,0.095902,-0.041085,0.068493,0.244400
1264.000000,0.002264,-0.040529,0.013547,-0.054021,-0.013491,0.122200
1265.000000,0.002070,0.000000,0.027111,-0.027111,0.013528,0.097800
1266.000000,0.002250,0.000000,0.000000,-0.054021,-0.040529,0.097700
1267.000000,0.002011,-0.013602,0.040861,-0.013602,0.013657,0.097700
1268.000000,0.001585,0.000000,0.013565,-0.027185,-0.013620,0.073300
1269.000000,0.003492,0.013657,0.108980,-0.013602,0.095379,0.219900
1270.000000,0.002185,0.000000,0.000000,-0.080192,-0.066845,0.146600
1271.000000,0.001780,-0.013528,0.013528,-0.040639,-0.013528,0.097700
1272.000000,0.002081,0.000000,0.013565,-0.027185,-0.013620,0.073300
1273.000000,0.001914,0.000000,0.040861,-0.013602,0.027259,0.097700
1274.000000,0.002448,0.000000,0.027111,-0.027111,0.013528,0.097800
1275.000000,0.003211,0.013547,0.054076,0.013547,0.027038,0.097800
1276.000000,0.003045,-0.026893,0.040311,-0.026893,0.026893,0.122200
1277.000000,0.002050,0.000000,0.013347,-0.040096,-0.026749,0.097700
1278.000000,0.002144,0.000000,0.040311,-0.013419,0.026893,0.097700
1279.000000,0.002163,0.013347,0.013347,-0.026749,0.013347,0.073300
1280.000000,0.001905,0.000000,0.013366,-0.026623,-0.013312,0.073300
1281.000000,0.002915,-0.013347,0.053498,-0.013347,0.026749,0.122200
1282.000000,0.006982,-0.013330,0.172860,-0.026606,0.053158,0.366600
1283.000000,0.004282,0.013190,0.013190,-0.092062,-0.013136,0.195500
1284.000000,0.001954,0.000000,0.039567,-0.026396,0.013171,0.122200
1285.000000,0.001545,0.013190,0.013190,-0.026273,-0.013136,0.073300
1286.000000,0.001786,0.000000,0.000000,-0.039567,-0.013171,0.073300
1287.000000,0.001750,-0.013260,0.000000,-0.039725,-0.039725,0.073400
1288.000000,0.002000,-0.013312,0.000000,-0.039989,-0.026623,0.073300
1289.000000,0.001943,0.000000,0.000000,-0.067024,-0.040258,0.122200
1290.000000,0.001498,-0.026983,0.027038,-0.040529,-0.013491,0.122200
1291.000000,0.001278,0.000000,0.000000,-0.040639,-0.013528,0.073300
1292.000000,0.001041,-0.013620,0.013565,-0.027185,-0.013620,0.073300
1293.000000,0.001448,0.013657,0.068120,0.000000,0.068120,0.122200
1294.000000,0.001445,0.000000,0.000000,-0.053730,-0.040311,0.097700
1295.000000,0.001395,-0.013528,0.027111,-0.027111,0.000000,0.097800
1296.000000,0.001348,0.000000,0.027111,-0.013528,0.027111,0.073300
1297.000000,0.001844,-0.013510,-0.013510,-0.040420,-0.026965,0.073300
1298.000000,0.001434,0.000000,0.000000,-0.040639,-0.027111,0.073300
1299.000000,0.001423,0.000000,0.013657,-0.040861,-0.027259,0.097800
1300.000000,0.002127,0.000000,0.041141,-0.054761,-0.054761,0.171100
1301.000000,0.001458,0.000000,0.027712,-0.041540,-0.041540,0.122200
1302.000000,0.001253,0.027887,0.041888,-0.014001,0.041888,0.097800
1303.000000,0.001444,0.013828,0.027712,-0.027712,0.027712,0.097800
1304.000000,0.001453,-0.027559,0.000000,-0.027559,-0.027559,0.048900
1305.000000,0.002527,0.013828,0.013828,-0.055424,-0.013884,0.122200
1306.000000,0.002301,-0.013866,0.069444,-0.027732,0.027789,0.171000
1307.000000,0.002599,0.000000,0.027636,-0.027636,-0.013790,0.097800
1308.000000,0.001206,-0.013884,0.027712,-0.041540,0.027712,0.122200
1309.000000,0.000957,0.000000,0.000000,-0.055118,-0.027559,0.097800
1310.000000,0.001389,-0.013884,0.000000,-0.055424,-0.027712,0.097800
1311.000000,0.001408,0.027866,0.041771,-0.013905,0.013905,0.097700
1312.000000,0.000928,-0.013866,0.013923,-0.027732,-0.013866,0.073300
1313.000000,0.009097,0.013905,0.222817,-0.013905,0.139275,0.415400
1314.000000,0.004343,-0.013528,-0.013528,-0.094862,-0.067750,0.171100
1315.000000,0.001794,-0.027484,0.000000,-0.041197,-0.013714,0.073300
1316.000000,0.002030,0.006932,0.034660,-0.020853,0.006932,0.098500
1317.000000,0.002991,0.000000,0.000000,-0.138506,-0.055436,0.246100
1318.000000,0.002091,-0.014000,0.000000,-0.070001,-0.056001,0.123000
1319.000000,0.003380,0.000000,0.028318,-0.184121,-0.127486,0.369100
1320.000000,0.001580,0.014529,0.043588,-0.014529,0.029058,0.098400
1321.000000,0.001437,-0.014445,0.000000,-0.072226,-0.028891,0.123000
1322.000000,0.002233,-0.029058,0.072705,-0.029058,0.058117,0.172300
1323.000000,0.002118,-0.014362,0.086232,-0.028725,0.028783,0.196900
1324.000000,0.001293,-0.042898,0.000000,-0.042898,-0.014280,0.073900
1325.000000,0.001483,0.014321,0.014321,-0.028700,-0.014379,0.073900
1326.000000,0.001215,0.000000,0.028783,-0.028725,0.014421,0.098500
1327.000000,0.001589,-0.028700,0.042963,-0.028700,0.014321,0.123100
1328.000000,0.001239,0.000000,0.042840,-0.014280,0.028560,0.098400
1329.000000,0.001652,-0.014199,0.028398,-0.028398,0.000000,0.098400
1330.000000,0.001289,0.000000,0.014199,-0.014199,-0.014199,0.049200
1331.000000,0.001718,0.028479,0.028479,-0.042776,0.000000,0.123100
1332.000000,0.001438,-0.028479,0.028479,-0.028479,0.000000,0.098400
1333.000000,0.002024,0.014239,0.028479,-0.042776,-0.028479,0.123100
1334.000000,0.001510,-0.014379,0.042963,-0.014379,0.042963,0.098500
1335.000000,0.001614,-0.014199,0.028398,-0.028398,0.014199,0.098400
1336.000000,0.001085,0.028318,0.028318,-0.028318,0.000000,0.098400
1337.000000,0.004180,0.000000,0.169963,0.000000,0.113328,0.295300
1338.000000,0.002404,-0.013845,0.013845,-0.041591,-0.013845,0.098500
1339.000000,0.002224,0.000000,0.000000,-0.055590,-0.013940,0.098500
1340.000000,0.002415,-0.013922,0.041823,-0.027844,0.013979,0.123100
1341.000000,0.001552,0.000000,0.027767,-0.027823,-0.013940,0.098500
1342.000000,0.001370,0.013979,0.013979,-0.041767,-0.013922,0.098500
1343.000000,0.002403,0.013961,0.027979,-0.055844,0.027979,0.147700
1344.000000,0.006304,-0.027823,0.152774,-0.027823,0.124951,0.320000
1345.000000,0.004572,0.000000,0.054235,-0.054180,0.013600,0.196900
1346.000000,0.007300,-0.027071,0.121574,-0.054088,0.067541,0.319900
1347.000000,0.004677,-0.066641,-0.013328,-0.080023,-0.026656,0.147700
1348.000000,0.007115,0.013400,0.107251,0.000000,0.066998,0.196900
1349.000000,0.006822,0.013222,0.052943,-0.026445,0.052943,0.147700
1350.000000,0.010066,-0.026221,0.157059,-0.039305,0.078503,0.369200
1351.000000,0.007201,0.025763,0.038697,-0.128868,-0.090171,0.320000
1352.000000,0.011236,-0.026290,0.183708,-0.026290,0.144353,0.393800
1353.000000,0.007239,-0.012750,0.025500,-0.127553,-0.102052,0.295300
1354.000000,0.004420,0.000000,0.065079,-0.039047,0.013016,0.196800
1355.000000,0.004176,0.000000,0.077944,-0.090926,-0.077944,0.320000
1356.000000,0.003615,-0.026375,0.026429,-0.105500,-0.052750,0.246100
1357.000000,0.003945,-0.026656,0.106679,-0.066641,0.093351,0.319900
1358.000000,0.004021,-0.013084,0.078503,-0.013084,0.065419,0.172200
1359.000000,0.003932,0.012915,0.038745,-0.116286,-0.103372,0.295300
1360.000000,0.004527,-0.013188,0.013188,-0.171491,-0.158304,0.344500
1361.000000,0.002907,0.013619,0.109005,0.000000,0.054530,0.196900
1362.000000,0.002760,-0.013472,0.040415,-0.080885,-0.067414,0.221500
1363.000000,0.003695,0.027312,0.040968,-0.054624,0.000000,0.172200
1364.000000,0.003384,0.027312,0.122959,0.027312,0.095647,0.221500
1365.000000,0.002543,0.013400,0.026799,-0.040199,0.000000,0.123000
1366.000000,0.002500,0.000000,0.000000,-0.120651,-0.080452,0.221500
1367.000000,0.002412,-0.013619,0.000000,-0.095331,-0.054475,0.172200
1368.000000,0.001594,0.027537,0.055075,-0.013769,0.055075,0.123000
1369.000000,0.002137,0.000000,0.000000,-0.095331,-0.068093,0.172200
1370.000000,0.001490,0.013807,0.041420,-0.027613,0.041420,0.123000
1371.000000,0.001371,0.000000,0.027387,-0.041080,-0.027387,0.123000
1372.000000,0.001754,0.027537,0.041306,-0.013769,0.027537,0.098400
1373.000000,0.018062,0.150682,0.452046,0.082215,0.164375,0.812100
1374.000000,0.008699,-0.079545,0.000000,-0.145886,-0.092802,0.270700
1375.000000,0.005170,-0.027071,-0.013563,-0.121628,-0.108120,0.221500
1376.000000,0.002907,0.027613,0.027613,-0.055283,-0.027613,0.147700
1377.000000,0.002085,0.013883,0.013883,-0.083357,-0.055590,0.172300
1378.000000,0.003296,0.014039,0.014039,-0.112373,-0.098276,0.221500
1379.000000,0.001857,0.014321,0.085926,-0.014379,0.071605,0.172300
1380.000000,0.002035,0.000000,0.028238,-0.042356,0.000000,0.123000
1381.000000,0.002612,-0.014119,0.014119,-0.127126,-0.084770,0.246100
1382.000000,0.001120,-0.014362,0.043145,-0.028725,0.028783,0.123100
1383.000000,0.001987,0.000000,0.099961,-0.014280,0.071400,0.196800
1384.000000,0.001707,0.028158,0.028158,-0.056316,-0.028158,0.147600
1385.000000,0.001318,0.000000,0.056635,0.000000,0.028318,0.098400
1386.000000,0.001051,-0.014079,0.028158,-0.028158,0.014079,0.098400
1387.000000,0.001509,0.014039,0.028079,-0.028079,0.014039,0.098400
1388.000000,0.003004,-0.014000,0.042057,-0.014000,0.042057,0.098500
1389.000000,0.001419,0.000000,0.000000,-0.041707,-0.013940,0.073900
1390.000000,0.003049,0.083590,0.111434,0.027901,0.069668,0.196900
1391.000000,0.005056,0.000000,0.137365,0.000000,0.082441,0.246100
1392.000000,0.003170,-0.013563,0.013508,-0.054088,-0.027071,0.123100
1393.000000,0.002103,-0.027163,0.013582,-0.027163,-0.013582,0.073800
1394.000000,0.001643,-0.013619,0.040911,-0.027237,0.013619,0.123100
1395.000000,0.001670,0.013582,0.027219,-0.027163,0.000000,0.098500
1396.000000,0.002725,0.013582,0.040800,-0.027163,0.040800,0.123100
1397.000000,0.001564,0.000000,0.000000,-0.040470,-0.026998,0.073900
1398.000000,0.002280,0.000000,0.027145,-0.027090,0.013600,0.098500
1399.000000,0.002695,-0.040579,0.000000,-0.094612,-0.027071,0.172300
1400.000000,0.001640,-0.054327,-0.027163,-0.067909,-0.054327,0.123000
1401.000000,0.001554,0.027462,0.054924,0.013731,0.041193,0.098400
1402.000000,0.006487,-0.027237,0.190773,-0.027237,0.136242,0.393800
1403.000000,0.003319,0.000000,0.026515,-0.066287,-0.039772,0.172200
1404.000000,0.009490,0.066819,0.227292,0.066819,0.093601,0.418400
1405.000000,0.005225,-0.013172,0.026236,-0.091881,-0.065644,0.221500
1406.000000,0.003304,0.000000,0.053171,-0.039878,0.026585,0.172200
1407.000000,0.003180,-0.039667,0.026445,-0.052890,-0.026445,0.147600
1408.000000,0.003665,0.000000,0.079810,-0.026585,0.039878,0.196900
1409.000000,0.002925,0.000000,0.026429,-0.026375,-0.013188,0.098500
1410.000000,0.002597,-0.013222,0.026445,-0.026445,-0.013222,0.098400
1411.000000,0.002634,0.000000,0.013257,-0.026515,-0.013257,0.073800
1412.000000,0.014379,0.505339,0.505339,0.505339,0.505339,0.935200
1413.000000,0.050395,0.193210,0.289839,-0.060412,-0.060412,0.713700
1414.000000,0.028332,-0.146692,-0.073321,-0.207793,-0.183353,0.418300
1415.000000,0.031256,-0.038056,0.406087,-0.050793,0.203018,0.886000
1416.000000,0.019599,-0.073142,0.097573,-0.073142,0.036621,0.344500
1417.000000,0.012538,0.012102,0.024204,-0.096863,-0.072660,0.246100
1418.000000,0.008980,0.049121,0.073731,-0.086012,-0.073731,0.320000
1419.000000,0.007545,-0.012464,0.037443,-0.099712,-0.074784,0.270700
1420.000000,0.005410,0.037960,0.126584,0.025307,0.050613,0.246100
1421.000000,0.006647,0.000000,0.087736,-0.050106,0.062683,0.270700
1422.000000,0.004826,-0.012371,0.024743,-0.074279,0.000000,0.196900
1423.000000,0.004909,-0.049536,0.037114,-0.049536,-0.024743,0.172300
1424.000000,0.008662,0.012433,0.124380,-0.012483,0.062165,0.270800
1425.000000,0.011582,0.036841,0.159693,0.000000,0.110572,0.319900
1426.000000,0.009927,0.000000,0.084151,-0.060122,-0.024029,0.295400
1427.000000,0.005581,-0.024145,0.048290,-0.036267,-0.024145,0.172300
1428.000000,0.006502,0.048525,0.060656,-0.072836,-0.060705,0.270700
1429.000000,0.005012,0.024560,0.036841,-0.049121,0.012280,0.172200
1430.000000,0.005774,-0.012250,0.098051,-0.024500,0.036750,0.246100
1431.000000,0.004306,0.000000,0.060853,-0.012161,0.012210,0.147700
1432.000000,0.006735,-0.012180,0.084918,-0.036443,0.012131,0.246100
1433.000000,0.008762,0.000000,0.048407,-0.181625,-0.169523,0.467600
1434.000000,0.004718,0.025053,0.037630,-0.037579,-0.025053,0.147700
1435.000000,0.004081,0.000000,0.025179,-0.037769,-0.012590,0.123000
1436.000000,0.005197,0.012621,0.138886,0.000000,0.075779,0.270700
1437.000000,0.005263,-0.024916,0.062165,-0.111947,-0.111947,0.344500
1438.000000,0.003552,-0.038205,0.038153,-0.063640,-0.025435,0.196900
1439.000000,0.003849,0.000000,0.012783,-0.076748,-0.051183,0.172300
1440.000000,0.005668,-0.025830,0.012915,-0.206691,-0.167946,0.418300
1441.000000,0.003278,-0.026728,0.106964,-0.026728,0.053455,0.246100
1442.000000,0.004976,0.026445,0.026445,-0.119055,-0.092557,0.270700
1443.000000,0.004943,0.040415,0.107774,-0.013472,0.107774,0.221400
1444.000000,0.004791,0.039616,0.118741,0.000000,0.105554,0.221500
1445.000000,0.007021,0.012915,0.142116,-0.012915,0.129201,0.295300
1446.000000,0.008567,0.025179,0.125947,-0.025179,0.125947,0.295300
1447.000000,0.022588,0.000000,0.221144,-0.024560,0.196584,0.492200
1448.000000,0.016959,-0.070942,0.035447,-0.177331,-0.047311,0.443000
1449.000000,0.009612,-0.047714,-0.011929,-0.131262,-0.083500,0.270700
1450.000000,0.007313,0.036393,0.036393,-0.084967,-0.060705,0.246100
1451.000000,0.006139,0.012280,0.110572,0.000000,0.061451,0.221500
1452.000000,0.004753,-0.036443,0.024262,-0.072836,-0.072836,0.196900
1453.000000,0.006055,0.024621,0.110844,-0.036931,0.086223,0.295300
1454.000000,0.004065,0.000000,0.060509,-0.024253,0.000000,0.172300
1455.000000,0.005349,0.000000,0.036305,-0.096863,-0.072660,0.270700
1456.000000,0.004603,0.012280,0.061451,-0.049121,-0.024560,0.221500
1457.000000,0.010469,-0.024682,0.012341,-0.234576,-0.185213,0.492200
1458.000000,0.017505,0.051314,0.358992,0.038499,0.320546,0.689100
1459.000000,0.012447,0.024087,0.156614,-0.048223,0.012043,0.418400
1460.000000,0.009881,0.000000,0.060073,-0.024029,0.060073,0.172200
1461.000000,0.015292,-0.047488,0.130639,-0.059359,0.118767,0.393700
1462.000000,0.022200,0.034836,0.197234,-0.069579,0.150848,0.566000
1463.000000,0.014872,-0.022559,-0.022559,-0.236485,-0.213971,0.516800
