0.000000,0.285270,0.287630,0.281426,0.273852,0.298763,1.280000
1.000000,0.290046,0.289586,0.283009,0.275770,0.306962,0.660000
2.000000,0.296490,0.291772,0.284886,0.277913,0.312860,0.740000
3.000000,0.302848,0.293628,0.286411,0.279979,0.310558,0.430000
4.000000,0.308084,0.295742,0.288270,0.281864,0.311277,0.390000
5.000000,0.309810,0.297540,0.289859,0.283657,0.307394,0.790000
6.000000,0.309235,0.299640,0.291312,0.285283,0.304085,0.618000
7.000000,0.306818,0.301654,0.292671,0.286591,0.300777,0.380000
8.000000,0.305811,0.304330,0.294304,0.287747,0.305524,0.439900
9.000000,0.303970,0.306027,0.295649,0.288735,0.302071,0.625000
10.000000,0.302675,0.306243,0.296936,0.289699,0.300921,0.240000
11.000000,0.302992,0.306113,0.297850,0.290710,0.305667,0.540000
12.000000,0.304143,0.305480,0.298626,0.291751,0.306530,0.520000
13.000000,0.304315,0.305063,0.299346,0.292628,0.306387,0.334900
14.000000,0.304891,0.304430,0.300086,0.293657,0.304948,0.239000
15.000000,0.306646,0.304661,0.301100,0.294793,0.309695,0.620000
16.000000,0.308774,0.305883,0.302762,0.296169,0.316312,0.709900
17.000000,0.310788,0.307465,0.304560,0.297603,0.316600,0.560000
18.000000,0.312831,0.308573,0.306451,0.299060,0.316600,0.340000
19.000000,0.314298,0.309594,0.307811,0.300297,0.312284,0.440000
20.000000,0.314298,0.310472,0.308357,0.301448,0.309695,0.285000
21.000000,0.316197,0.312486,0.309299,0.302728,0.325806,1.400000
22.000000,0.316686,0.313737,0.309609,0.303663,0.319045,0.720000
23.000000,0.318872,0.315852,0.310457,0.304848,0.327532,0.690000
24.000000,0.322094,0.318196,0.311313,0.306123,0.328395,0.470000
25.000000,0.325863,0.320081,0.312371,0.307427,0.328539,0.445000
26.000000,0.326467,0.321332,0.313608,0.308952,0.328826,0.440000
27.000000,0.328366,0.322526,0.314996,0.310549,0.328539,0.480000
28.000000,0.329718,0.324295,0.316434,0.312399,0.334292,0.840000
29.000000,0.330380,0.326237,0.317916,0.313953,0.331703,0.710000
30.000000,0.334580,0.330222,0.320347,0.315645,0.349540,2.900000
31.000000,0.337399,0.331933,0.322209,0.316844,0.342923,0.609900
32.000000,0.342247,0.335306,0.324522,0.318175,0.352776,0.700000
33.000000,0.341902,0.335810,0.325831,0.318908,0.332566,1.665000
34.000000,0.340492,0.335436,0.326816,0.319354,0.324655,1.140000
35.000000,0.338593,0.336587,0.328334,0.320443,0.340046,1.090000
36.000000,0.336407,0.336903,0.329118,0.321373,0.331991,1.950000
37.000000,0.331962,0.337104,0.329815,0.322365,0.330552,1.260000
38.000000,0.332624,0.337263,0.330779,0.323377,0.335875,0.710000
39.000000,0.334925,0.337709,0.331973,0.324513,0.336162,0.530000
40.000000,0.334638,0.336615,0.333418,0.325770,0.338608,0.780000
41.000000,0.337140,0.336774,0.334353,0.327064,0.344505,0.560000
42.000000,0.344246,0.338104,0.336705,0.329049,0.366082,2.150000
43.000000,0.350316,0.341470,0.338640,0.331044,0.366226,1.050000
44.000000,0.356272,0.345598,0.340517,0.333077,0.365938,0.559900
45.000000,0.362802,0.348720,0.342653,0.335129,0.371260,0.800000
46.000000,0.369016,0.353078,0.344991,0.337104,0.375575,0.700000
47.000000,0.371951,0.358098,0.347601,0.339243,0.380754,0.490000
48.000000,0.378596,0.364456,0.350859,0.342005,0.399453,1.500000
49.000000,0.385644,0.370958,0.354333,0.344968,0.401180,1.160000
50.000000,0.392232,0.377517,0.357066,0.348118,0.404200,0.880000
51.000000,0.397756,0.383386,0.360080,0.350698,0.403193,1.020000
52.000000,0.400115,0.386033,0.362068,0.353148,0.392549,1.600000
53.000000,0.399396,0.388996,0.365233,0.355425,0.395857,0.769000
54.000000,0.396749,0.391197,0.368398,0.357410,0.387946,0.930000
55.000000,0.394505,0.393369,0.371044,0.359558,0.392980,0.620000
56.000000,0.390852,0.394304,0.373691,0.361428,0.384925,1.690000
57.000000,0.390593,0.395354,0.376726,0.363519,0.391254,0.540000
58.000000,0.391312,0.395354,0.379905,0.365691,0.399453,1.060000
59.000000,0.393786,0.395268,0.383113,0.367978,0.400316,0.945000
60.000000,0.394534,0.394520,0.386018,0.369551,0.396720,0.990000
61.000000,0.398648,0.394750,0.389068,0.371636,0.405495,1.950000
62.000000,0.398533,0.394563,0.390298,0.372900,0.390679,1.640000
63.000000,0.396979,0.394146,0.391571,0.374871,0.391686,0.770000
64.000000,0.395397,0.394591,0.392894,0.377129,0.392405,1.559000
65.000000,0.396404,0.395469,0.394419,0.379186,0.401755,1.020000
66.000000,0.395138,0.396893,0.395598,0.381425,0.399166,0.690000
67.000000,0.400806,0.399669,0.397512,0.384374,0.419016,1.420000
68.000000,0.405926,0.401453,0.398403,0.387088,0.417290,0.780000
69.000000,0.410961,0.403179,0.399223,0.389801,0.417578,0.710000
70.000000,0.409666,0.403035,0.398777,0.391691,0.395282,1.751000
71.000000,0.410472,0.402805,0.398777,0.393647,0.403193,0.829000
72.000000,0.405955,0.403380,0.398972,0.394659,0.396433,1.080000
73.000000,0.399971,0.402949,0.398547,0.395363,0.387371,1.030000
74.000000,0.397008,0.403984,0.399288,0.396591,0.402762,1.740000
75.000000,0.398360,0.404013,0.399741,0.397617,0.402043,0.895000
76.000000,0.399252,0.404862,0.400877,0.398686,0.407652,0.880000
77.000000,0.399655,0.402805,0.401237,0.399276,0.398446,0.880000
78.000000,0.403107,0.401539,0.401496,0.399449,0.404632,0.520000
79.000000,0.406214,0.401611,0.402395,0.400019,0.418297,1.720000
80.000000,0.408861,0.403610,0.403323,0.400388,0.415276,0.930000
81.000000,0.410299,0.404776,0.403790,0.400777,0.414845,0.940000
82.000000,0.412428,0.406041,0.404711,0.401328,0.409091,0.960000
83.000000,0.414298,0.408703,0.405826,0.401932,0.413982,2.480000
84.000000,0.416024,0.411119,0.407552,0.403232,0.426928,1.080000
85.000000,0.419793,0.414327,0.409170,0.404603,0.434120,0.850000
86.000000,0.425748,0.418024,0.411443,0.406593,0.444620,1.039000
87.000000,0.432911,0.422670,0.412737,0.408381,0.444908,0.498000
88.000000,0.436968,0.425633,0.413586,0.409542,0.434264,1.070000
89.000000,0.440564,0.428294,0.414953,0.411028,0.444908,0.851000
90.000000,0.441686,0.430739,0.417175,0.412462,0.439730,1.080000
91.000000,0.442779,0.434264,0.419520,0.413948,0.450086,1.050000
92.000000,0.444045,0.438478,0.422260,0.415967,0.451237,0.620000
93.000000,0.447037,0.442002,0.425352,0.417885,0.449223,0.650000
94.000000,0.450201,0.445383,0.428251,0.420162,0.460731,0.820000
95.000000,0.454171,0.447929,0.431128,0.422090,0.459580,0.855000
96.000000,0.455667,0.449223,0.433623,0.424036,0.457566,0.590000
97.000000,0.457825,0.450935,0.436802,0.425470,0.462025,1.340000
98.000000,0.459666,0.453352,0.439492,0.426841,0.458429,1.000000
99.000000,0.458746,0.454474,0.441384,0.428126,0.456128,0.790000
100.000000,0.464212,0.459192,0.444965,0.431180,0.486910,2.360000
101.000000,0.467549,0.461608,0.447936,0.433549,0.474252,1.340000
102.000000,0.470167,0.463996,0.451237,0.436172,0.475115,0.619900
103.000000,0.473878,0.466772,0.454387,0.439159,0.476985,1.020000
104.000000,0.478078,0.468412,0.456897,0.441638,0.477129,1.279900
105.000000,0.475719,0.469965,0.458947,0.444074,0.475115,1.600000
106.000000,0.472670,0.470109,0.459666,0.445785,0.459005,1.645000
107.000000,0.469678,0.469922,0.460429,0.447842,0.460155,1.170000
108.000000,0.470886,0.472382,0.462867,0.450456,0.483026,1.830000
109.000000,0.472411,0.475245,0.464859,0.452671,0.484753,0.690000
110.000000,0.472440,0.474079,0.466636,0.454670,0.475259,1.204400
111.000000,0.471433,0.472051,0.466830,0.455974,0.453970,2.280000
112.000000,0.470598,0.470138,0.467067,0.457537,0.455984,0.820000
113.000000,0.462054,0.466470,0.466621,0.458415,0.440305,1.880000
114.000000,0.452963,0.462687,0.465549,0.458827,0.439298,0.835000
115.000000,0.446951,0.459695,0.464830,0.459196,0.445196,0.748000
116.000000,0.445771,0.458602,0.464356,0.459311,0.448072,0.850000
117.000000,0.439873,0.455236,0.462579,0.458698,0.426496,1.780000
118.000000,0.432624,0.447339,0.459860,0.457691,0.404056,2.330000
119.000000,0.425000,0.438982,0.457113,0.456233,0.401180,1.210000
120.000000,0.418239,0.432595,0.453337,0.455289,0.411392,1.220000
121.000000,0.412687,0.429229,0.450640,0.454296,0.420311,1.330000
122.000000,0.412255,0.426064,0.448101,0.453400,0.424338,0.630000
123.000000,0.414154,0.423389,0.444930,0.452210,0.413550,0.775000
124.000000,0.421692,0.423346,0.443016,0.451482,0.438867,1.800000
125.000000,0.426323,0.422281,0.440988,0.450647,0.434551,1.030000
126.000000,0.429258,0.420972,0.439787,0.449895,0.434983,0.630000
127.000000,0.436709,0.424482,0.439859,0.449880,0.461594,1.970000
128.000000,0.445829,0.429991,0.438665,0.449904,0.459148,0.880000
129.000000,0.449223,0.435457,0.437220,0.449895,0.455840,0.630000
130.000000,0.455236,0.440780,0.436687,0.449151,0.464614,1.000000
131.000000,0.461910,0.445584,0.437407,0.448955,0.468354,1.110000
132.000000,0.463838,0.450273,0.438169,0.448825,0.471231,0.710000
133.000000,0.464701,0.455265,0.439327,0.448375,0.463464,0.989000
134.000000,0.463320,0.456272,0.439809,0.447435,0.448936,1.840000
135.000000,0.462831,0.459033,0.440657,0.447003,0.462169,1.270000
136.000000,0.462572,0.462241,0.441607,0.447272,0.467060,0.710000
137.000000,0.461018,0.462428,0.443455,0.447382,0.463464,0.450000
138.000000,0.459379,0.462040,0.446016,0.446457,0.455265,1.060000
139.000000,0.461105,0.462212,0.448835,0.445550,0.457566,0.890000
140.000000,0.457825,0.460328,0.450554,0.444568,0.445771,1.310000
141.000000,0.453021,0.457796,0.451690,0.444203,0.443038,0.500000
142.000000,0.449108,0.455063,0.452668,0.443800,0.443901,1.100000
143.000000,0.445627,0.452503,0.453884,0.443719,0.437860,0.999000
144.000000,0.442117,0.451611,0.453941,0.443743,0.440017,0.620000
145.000000,0.443987,0.450906,0.454970,0.444074,0.455121,1.310000
146.000000,0.447957,0.450489,0.456365,0.444568,0.462888,0.840000
147.000000,0.450806,0.449957,0.456192,0.445622,0.458142,0.770000
148.000000,0.453625,0.449626,0.455833,0.447219,0.451956,0.870000
149.000000,0.454171,0.448144,0.455178,0.448605,0.442750,1.495000
150.000000,0.447440,0.445713,0.453021,0.448940,0.421461,2.870000
151.000000,0.439039,0.443498,0.450647,0.448960,0.420886,1.110000
152.000000,0.429804,0.440305,0.447684,0.448547,0.411968,0.980000
153.000000,0.421749,0.437687,0.445095,0.448485,0.411680,0.440000
154.000000,0.415823,0.434997,0.443304,0.447627,0.413119,1.090000
155.000000,0.414672,0.431056,0.440981,0.446998,0.415708,0.770000
156.000000,0.412975,0.426007,0.438248,0.446246,0.412399,0.790000
157.000000,0.412572,0.421188,0.435572,0.444524,0.409954,0.610000
158.000000,0.410587,0.416168,0.432897,0.442611,0.401755,0.800000
159.000000,0.410443,0.413133,0.430639,0.441163,0.412399,1.120000
160.000000,0.408372,0.411522,0.428618,0.439188,0.405351,0.680000
161.000000,0.408659,0.410817,0.427158,0.437371,0.413838,0.880000
162.000000,0.409551,0.411062,0.425683,0.435477,0.414413,0.490000
163.000000,0.411392,0.410990,0.424338,0.433727,0.410961,0.750100
164.000000,0.407365,0.408904,0.421951,0.431837,0.392261,1.380000
165.000000,0.405006,0.406689,0.418872,0.429550,0.393556,0.630000
166.000000,0.400777,0.404718,0.415362,0.427071,0.392693,0.760000
167.000000,0.394908,0.402230,0.411709,0.424458,0.385069,1.020000
168.000000,0.392060,0.401726,0.408947,0.422507,0.396720,0.910000
169.000000,0.393268,0.400316,0.406725,0.420531,0.398303,0.580000
170.000000,0.395109,0.400058,0.405790,0.419098,0.402762,0.620000
171.000000,0.396433,0.398605,0.404711,0.417640,0.399310,0.780000
172.000000,0.400633,0.397770,0.404416,0.416379,0.406070,0.870000
173.000000,0.405121,0.398590,0.404790,0.415756,0.419160,1.040000
174.000000,0.410702,0.401985,0.405444,0.415295,0.426208,1.140000
175.000000,0.415535,0.405322,0.406005,0.414356,0.426928,0.540000
176.000000,0.422008,0.409220,0.406969,0.413315,0.431674,0.530000
177.000000,0.428654,0.414643,0.408436,0.412687,0.439298,0.660000
178.000000,0.432940,0.419030,0.410378,0.412308,0.440593,0.620000
179.000000,0.434206,0.422454,0.411385,0.411968,0.432537,0.950000
180.000000,0.434753,0.425144,0.412601,0.412241,0.429661,0.880000
181.000000,0.433055,0.427532,0.413068,0.412318,0.423188,0.720000
182.000000,0.429632,0.429143,0.413457,0.412658,0.422181,0.680000
183.000000,0.427877,0.430409,0.414499,0.413329,0.431818,1.310000
184.000000,0.427963,0.431085,0.416535,0.413991,0.432969,0.840000
185.000000,0.422699,0.428726,0.417024,0.413579,0.403337,2.830000
186.000000,0.420138,0.426597,0.417909,0.413512,0.410386,1.890000
187.000000,0.418642,0.424137,0.419390,0.413670,0.414701,1.310000
188.000000,0.413751,0.420814,0.419922,0.413857,0.407365,1.330000
189.000000,0.411824,0.419894,0.421174,0.414221,0.423331,1.710000
190.000000,0.415880,0.419289,0.422217,0.414830,0.423619,1.350000
191.000000,0.421318,0.420728,0.424130,0.415621,0.437572,1.050000
192.000000,0.423303,0.420972,0.425058,0.415962,0.424626,0.980000
193.000000,0.423159,0.418455,0.424432,0.415818,0.406646,1.660000
194.000000,0.419649,0.415736,0.423411,0.416269,0.405783,0.750000
195.000000,0.418412,0.417146,0.422936,0.417065,0.417434,1.090000
196.000000,0.416139,0.418728,0.422663,0.418182,0.426208,0.900000
197.000000,0.415794,0.419548,0.421843,0.419443,0.422900,0.630000
198.000000,0.417779,0.420469,0.420642,0.420105,0.416571,0.750000
199.000000,0.421375,0.420512,0.420203,0.420953,0.423763,0.740000
200.000000,0.423072,0.420742,0.420016,0.421725,0.425921,0.830000
201.000000,0.423188,0.419663,0.420196,0.422641,0.426784,0.620000
202.000000,0.424194,0.419994,0.420483,0.423370,0.427934,1.220000
203.000000,0.426036,0.421907,0.420181,0.423590,0.425777,0.730000
204.000000,0.425719,0.423547,0.419642,0.423456,0.422181,0.539900
205.000000,0.427014,0.425043,0.421095,0.423638,0.432394,0.900000
206.000000,0.427301,0.425245,0.421986,0.423523,0.428222,0.720000
207.000000,0.426295,0.425245,0.422396,0.422977,0.422900,0.640000
208.000000,0.424597,0.425316,0.422893,0.422200,0.417290,1.205000
209.000000,0.422727,0.424223,0.422368,0.421543,0.412831,0.910000
210.000000,0.426381,0.426697,0.423720,0.422243,0.450662,3.280000
211.000000,0.430293,0.428797,0.424230,0.423063,0.447785,1.128000
212.000000,0.437917,0.432106,0.426050,0.424357,0.461018,1.050000
213.000000,0.443815,0.434206,0.428057,0.424856,0.446778,2.380000
214.000000,0.451122,0.436925,0.430236,0.425403,0.449367,1.010000
215.000000,0.449971,0.438176,0.431610,0.426788,0.444908,0.950000
216.000000,0.453021,0.441657,0.433451,0.428543,0.463032,1.395000
217.000000,0.454905,0.446411,0.435828,0.430401,0.470440,0.940000
218.000000,0.460975,0.452395,0.438856,0.432727,0.477129,0.800000
219.000000,0.468398,0.459760,0.441992,0.434832,0.486479,1.065000
220.000000,0.479243,0.464607,0.445652,0.437349,0.499137,0.940000
221.000000,0.487241,0.470131,0.449464,0.439531,0.503021,0.650000
222.000000,0.493354,0.474130,0.453118,0.442077,0.501007,0.650000
223.000000,0.497699,0.479337,0.456771,0.445150,0.498849,0.450000
224.000000,0.499971,0.484184,0.460555,0.448219,0.497842,0.919900
225.000000,0.502474,0.490859,0.464517,0.451359,0.511651,1.240000
226.000000,0.505754,0.496497,0.469077,0.454466,0.519419,0.760000
227.000000,0.510817,0.502086,0.474248,0.457914,0.526323,0.820000
228.000000,0.515449,0.506574,0.479484,0.461428,0.522008,0.810000
229.000000,0.521375,0.510673,0.485216,0.464885,0.527474,0.870000
230.000000,0.525086,0.513780,0.489194,0.468362,0.530207,0.775000
231.000000,0.527934,0.516844,0.493487,0.471924,0.533659,0.790000
232.000000,0.526669,0.518743,0.496436,0.474993,0.519994,1.800000
233.000000,0.526036,0.520742,0.500040,0.478095,0.518843,0.810000
234.000000,0.524051,0.522713,0.503449,0.481274,0.517549,0.864000
235.000000,0.523389,0.524238,0.507548,0.484424,0.526899,0.815000
236.000000,0.523562,0.525748,0.511123,0.487967,0.534522,0.970000
237.000000,0.525949,0.526309,0.514197,0.491602,0.531933,1.040000
238.000000,0.526122,0.526079,0.516326,0.495016,0.519707,1.120000
239.000000,0.525834,0.524942,0.517808,0.498458,0.516110,0.790000
240.000000,0.524396,0.523892,0.518836,0.500760,0.519707,0.710000
241.000000,0.524655,0.524108,0.520476,0.503694,0.535817,1.140000
242.000000,0.523820,0.524885,0.521814,0.505919,0.527762,1.035000
243.000000,0.527819,0.526971,0.523856,0.509017,0.539701,1.580000
244.000000,0.532048,0.528941,0.525827,0.511946,0.537255,0.860000
245.000000,0.537745,0.531070,0.527654,0.515389,0.548188,1.140000
246.000000,0.541456,0.533055,0.529402,0.518434,0.554373,0.760000
247.000000,0.546346,0.535083,0.530696,0.521159,0.552215,0.680000
248.000000,0.552043,0.539931,0.533005,0.524194,0.568182,1.500000
249.000000,0.557940,0.544994,0.534968,0.526870,0.566743,0.330000
250.000000,0.561968,0.549856,0.536874,0.529176,0.568326,0.550000
251.000000,0.567376,0.554416,0.539262,0.531789,0.581415,1.210000
252.000000,0.573303,0.559825,0.542355,0.534484,0.581847,0.655000
253.000000,0.576266,0.564154,0.545562,0.537289,0.582998,1.050000
254.000000,0.578136,0.568038,0.548490,0.539897,0.576093,0.970000
255.000000,0.578999,0.570483,0.550777,0.541930,0.572641,0.870000
256.000000,0.578078,0.572727,0.552891,0.543843,0.576812,0.740000
257.000000,0.577647,0.575475,0.555279,0.545622,0.579689,0.920000
258.000000,0.577675,0.576971,0.558451,0.547660,0.583142,0.605000
259.000000,0.576784,0.577460,0.561227,0.549132,0.571634,1.180000
260.000000,0.579287,0.579143,0.564499,0.550964,0.585155,1.025000
261.000000,0.583918,0.580998,0.567707,0.553174,0.599971,1.230000
262.000000,0.587428,0.582537,0.571181,0.555749,0.597238,1.160000
263.000000,0.588636,0.583156,0.573655,0.558094,0.589183,0.810000
264.000000,0.591542,0.584163,0.576100,0.560381,0.586162,1.330000
265.000000,0.592894,0.586090,0.578287,0.562548,0.591916,0.650000
266.000000,0.588176,0.586047,0.579387,0.563943,0.576381,1.200000
267.000000,0.579776,0.583602,0.579538,0.564720,0.555236,1.980000
268.000000,0.571577,0.580106,0.578539,0.565669,0.548188,3.115000
269.000000,0.564672,0.578107,0.577783,0.566854,0.551640,1.200000
270.000000,0.554143,0.573518,0.576331,0.567506,0.539269,0.970000
271.000000,0.548964,0.568570,0.574784,0.567995,0.550489,1.190000
272.000000,0.546404,0.563090,0.572814,0.568484,0.542434,0.930000
273.000000,0.540104,0.555840,0.569498,0.567717,0.516686,2.150000
274.000000,0.538550,0.551611,0.567887,0.567937,0.543872,2.230000
275.000000,0.538953,0.546548,0.566319,0.567707,0.541283,1.400000
276.000000,0.540535,0.544750,0.565398,0.567841,0.558400,1.560000
277.000000,0.544102,0.545253,0.564428,0.568110,0.560270,1.110000
278.000000,0.553682,0.546893,0.563500,0.567990,0.564586,0.860000
279.000000,0.557998,0.548274,0.563190,0.567947,0.565449,1.310000
280.000000,0.561018,0.549986,0.561752,0.567549,0.556387,1.280000
281.000000,0.560587,0.550561,0.559566,0.566710,0.556243,0.909000
282.000000,0.560012,0.552057,0.557573,0.565895,0.557394,0.865000
283.000000,0.559062,0.556372,0.556106,0.565123,0.559839,0.750000
284.000000,0.561047,0.559522,0.555567,0.565099,0.575374,1.490000
285.000000,0.575230,0.568124,0.557336,0.566921,0.627301,4.639000
286.000000,0.593096,0.576841,0.560795,0.569213,0.645570,1.280000
287.000000,0.614097,0.587054,0.566154,0.571970,0.662399,2.200000
288.000000,0.636306,0.597684,0.572289,0.574895,0.670886,1.630000
289.000000,0.655725,0.608386,0.578330,0.578256,0.672468,0.810000
290.000000,0.668038,0.621634,0.585810,0.581713,0.688867,1.390000
291.000000,0.674108,0.633602,0.592081,0.584244,0.675921,2.195000
292.000000,0.676381,0.645239,0.598648,0.586795,0.673763,1.150000
293.000000,0.681415,0.658861,0.607617,0.590358,0.696059,1.680000
294.000000,0.687227,0.671476,0.615499,0.594203,0.701525,0.835000
295.000000,0.689442,0.678740,0.623432,0.597804,0.699942,1.360000
296.000000,0.693326,0.683717,0.630279,0.601769,0.695339,1.220000
297.000000,0.697555,0.686968,0.637011,0.606425,0.694908,1.000000
298.000000,0.693757,0.687586,0.642635,0.610721,0.677071,2.326000
299.000000,0.686738,0.686982,0.647684,0.614547,0.666427,1.252000
300.000000,0.677100,0.683271,0.652453,0.618297,0.651755,1.920000
301.000000,0.670742,0.682034,0.657818,0.622066,0.663550,1.399900
302.000000,0.666743,0.682149,0.663694,0.626482,0.674914,1.440000
303.000000,0.670397,0.682077,0.670469,0.632437,0.695339,2.459000
304.000000,0.676093,0.681415,0.676446,0.637471,0.694908,0.845300
305.000000,0.685903,0.681502,0.680121,0.642789,0.700806,1.230000
306.000000,0.694476,0.682609,0.683163,0.647722,0.706415,2.372300
307.000000,0.696864,0.681804,0.684386,0.651942,0.686853,2.460000
308.000000,0.693297,0.681847,0.684717,0.655706,0.677503,1.600000
309.000000,0.689212,0.682652,0.684817,0.659340,0.674482,2.059900
310.000000,0.682020,0.683961,0.683616,0.662956,0.664845,1.640000
311.000000,0.675316,0.684896,0.683465,0.666844,0.672900,1.100000
312.000000,0.678049,0.687457,0.684803,0.671615,0.700518,2.780000
313.000000,0.685702,0.689499,0.685788,0.676812,0.715765,1.090000
314.000000,0.698677,0.693944,0.687680,0.682278,0.739356,2.250000
315.000000,0.713464,0.697742,0.689622,0.685994,0.738780,1.080000
316.000000,0.724540,0.699928,0.691269,0.688751,0.728280,1.890000
317.000000,0.721087,0.699568,0.690686,0.689447,0.683257,4.105000
318.000000,0.720713,0.703208,0.692527,0.690880,0.713895,2.698000
319.000000,0.719361,0.709019,0.695836,0.692885,0.732595,2.200000
320.000000,0.712975,0.713219,0.698590,0.693484,0.706847,2.410000
321.000000,0.705524,0.715032,0.699964,0.693987,0.691024,1.670000
322.000000,0.707163,0.714125,0.700791,0.694577,0.691456,1.439000
323.000000,0.707163,0.713938,0.701719,0.695172,0.713895,2.010000
324.000000,0.710155,0.714758,0.704351,0.696706,0.747555,2.680000
325.000000,0.719894,0.716434,0.707088,0.698559,0.755538,4.120000
326.000000,0.734681,0.720102,0.710015,0.700880,0.764960,1.489900
327.000000,0.751741,0.729452,0.714510,0.703608,0.776755,1.020000
328.000000,0.763622,0.735393,0.719300,0.706816,0.773303,1.249900
329.000000,0.770095,0.740125,0.724572,0.710599,0.779919,1.740000
330.000000,0.771979,0.745936,0.729578,0.714372,0.764960,1.460000
331.000000,0.769850,0.752266,0.733649,0.717398,0.754315,2.550000
332.000000,0.766168,0.758954,0.736540,0.720179,0.758343,1.450000
333.000000,0.762802,0.763212,0.738575,0.722217,0.756473,0.970000
334.000000,0.760328,0.765211,0.739985,0.724638,0.767549,0.995000
335.000000,0.761795,0.766887,0.741661,0.727021,0.772296,1.450000
336.000000,0.766945,0.768398,0.744250,0.729476,0.780063,2.550000
337.000000,0.770282,0.768225,0.748838,0.732415,0.775029,1.550000
338.000000,0.774425,0.768613,0.752003,0.735738,0.777186,1.930000
339.000000,0.769908,0.765118,0.752622,0.738087,0.744965,4.780000
340.000000,0.764672,0.763234,0.754585,0.740796,0.746116,1.420000
341.000000,0.762457,0.764701,0.758483,0.743999,0.768987,1.840000
342.000000,0.765823,0.768052,0.763503,0.747044,0.791858,1.660000
343.000000,0.769850,0.772138,0.767675,0.749763,0.797325,1.320000
344.000000,0.779287,0.774597,0.769904,0.751522,0.792146,1.599000
345.000000,0.788751,0.776712,0.771799,0.753344,0.793441,1.240000
346.000000,0.796346,0.779402,0.773900,0.755967,0.806962,1.340000
347.000000,0.797842,0.781833,0.775029,0.759836,0.799338,1.270000
348.000000,0.797123,0.783487,0.776050,0.762498,0.793728,1.010000
349.000000,0.798820,0.789054,0.777086,0.764766,0.800633,1.260000
350.000000,0.801525,0.795138,0.779186,0.768103,0.806962,0.985000
351.000000,0.804661,0.800503,0.782602,0.772490,0.822641,1.480000
352.000000,0.808659,0.803251,0.785652,0.776752,0.819333,1.310000
353.000000,0.813867,0.805495,0.788816,0.780281,0.819764,1.050000
354.000000,0.818383,0.808602,0.791600,0.782804,0.823216,0.850000
355.000000,0.823734,0.812629,0.794671,0.785409,0.833717,1.790000
356.000000,0.823993,0.814327,0.796864,0.787375,0.823936,1.340000
357.000000,0.826410,0.817535,0.799684,0.789197,0.831415,0.850000
358.000000,0.831358,0.822612,0.803049,0.791571,0.844505,2.195000
359.000000,0.839471,0.828927,0.808990,0.794366,0.863780,2.299900
360.000000,0.843409,0.833572,0.814355,0.797314,0.853409,1.140000
361.000000,0.851004,0.837499,0.819001,0.800901,0.861910,1.360000
362.000000,0.852586,0.839498,0.821374,0.803600,0.839327,1.600000
363.000000,0.847063,0.839210,0.822353,0.805614,0.816887,2.040000
364.000000,0.837684,0.838577,0.823590,0.807259,0.816887,1.060000
365.000000,0.831502,0.837455,0.825042,0.808932,0.822497,0.860000
366.000000,0.824252,0.837628,0.825977,0.810452,0.825662,0.820000
367.000000,0.824799,0.838692,0.828113,0.812687,0.842060,1.566400
368.000000,0.830610,0.838836,0.830724,0.814978,0.845944,1.290000
369.000000,0.835242,0.836463,0.832695,0.818148,0.840046,0.740000
370.000000,0.836766,0.834134,0.833853,0.820948,0.830121,1.540000
371.000000,0.834896,0.829574,0.833536,0.822525,0.816312,1.495000
372.000000,0.833228,0.829013,0.834256,0.823921,0.833717,1.490000
373.000000,0.832854,0.831732,0.835471,0.825479,0.844074,1.165000
374.000000,0.834695,0.834968,0.836773,0.827383,0.849252,1.049500
375.000000,0.840391,0.838579,0.838017,0.829555,0.858602,0.860000
376.000000,0.851208,0.843052,0.840340,0.831669,0.870397,1.600000
377.000000,0.859810,0.846519,0.842606,0.834249,0.876726,0.960000
378.000000,0.868585,0.850719,0.844778,0.837389,0.887946,1.000000
379.000000,0.872785,0.853740,0.845101,0.839710,0.870253,1.530000
380.000000,0.871087,0.855739,0.844937,0.841148,0.850115,1.450000
381.000000,0.868872,0.860040,0.844807,0.842371,0.859321,1.120000
382.000000,0.865650,0.862730,0.845872,0.843747,0.860616,1.950000
383.000000,0.861421,0.865003,0.848367,0.845315,0.866801,1.070000
384.000000,0.860529,0.866657,0.850813,0.846734,0.865794,0.780000
385.000000,0.862975,0.867031,0.852805,0.847688,0.862342,0.950000
386.000000,0.864068,0.866470,0.854761,0.849050,0.864787,0.680000
387.000000,0.859781,0.862716,0.854617,0.849309,0.839183,2.120000
388.000000,0.857566,0.859494,0.855106,0.849683,0.855725,1.370000
389.000000,0.855380,0.857955,0.855847,0.849386,0.854862,0.640000
390.000000,0.855495,0.859235,0.857487,0.849703,0.862917,1.140000
391.000000,0.855696,0.859882,0.859961,0.849832,0.865794,0.450000
392.000000,0.860472,0.860127,0.861428,0.850623,0.863061,0.900000
393.000000,0.859465,0.858516,0.861759,0.851750,0.850690,1.040000
394.000000,0.855265,0.855322,0.860990,0.852316,0.833861,1.500000
395.000000,0.848015,0.851755,0.859393,0.852455,0.826669,1.550000
396.000000,0.841369,0.848533,0.857501,0.852685,0.832566,0.770000
397.000000,0.830409,0.845440,0.854078,0.851558,0.808257,3.120000
398.000000,0.824223,0.841844,0.850669,0.850686,0.819764,1.910000
399.000000,0.824655,0.839960,0.848957,0.850551,0.836018,1.510000
400.000000,0.830840,0.839428,0.849331,0.851467,0.857595,3.060000
401.000000,0.835098,0.838234,0.849058,0.852719,0.853855,2.090000
402.000000,0.846807,0.838608,0.849367,0.853821,0.866801,1.420000
403.000000,0.861105,0.842664,0.850590,0.855394,0.891254,1.905000
404.000000,0.875230,0.849942,0.852632,0.857307,0.906646,1.420000
405.000000,0.890794,0.860817,0.856286,0.859868,0.935414,2.740000
406.000000,0.910069,0.872583,0.860558,0.862529,0.950230,1.090000
407.000000,0.930409,0.888608,0.867024,0.865588,0.968498,1.300000
408.000000,0.948188,0.904646,0.873245,0.868661,0.980150,1.680000
409.000000,0.966858,0.921044,0.880502,0.872986,1.000000,1.620000
410.000000,0.977589,0.934192,0.886810,0.877618,0.989068,0.800000
411.000000,0.985961,0.948015,0.893124,0.882044,0.992089,2.480000
412.000000,0.988982,0.959695,0.899151,0.886143,0.983602,1.100000
413.000000,0.991139,0.969663,0.906164,0.890281,0.990938,1.010000
414.000000,0.989528,0.978193,0.914068,0.894486,0.991945,1.057100
415.000000,0.989643,0.983616,0.922217,0.898729,0.989643,0.575000
416.000000,0.988982,0.987471,0.930027,0.902862,0.988780,0.920000
417.000000,0.987716,0.988349,0.938478,0.907465,0.977273,1.070000
418.000000,0.983746,0.987442,0.946044,0.911311,0.971087,1.180000
419.000000,0.979545,0.984537,0.952791,0.915180,0.970944,1.020000
420.000000,0.973849,0.981746,0.957969,0.918455,0.961162,1.350000
421.000000,0.965046,0.977014,0.962514,0.921087,0.944764,1.730000
422.000000,0.960270,0.973993,0.966844,0.924099,0.953395,1.340000
423.000000,0.952733,0.968239,0.968951,0.926856,0.933400,2.010000
424.000000,0.942319,0.960932,0.969563,0.929689,0.918872,1.461000
425.000000,0.932394,0.953121,0.968369,0.932518,0.911536,1.156000
426.000000,0.925547,0.945296,0.966384,0.935117,0.910529,1.260000
427.000000,0.917722,0.938996,0.963672,0.938651,0.914269,0.970000
428.000000,0.913205,0.932969,0.960206,0.941686,0.910817,1.550000
429.000000,0.909695,0.926007,0.955272,0.943863,0.901323,2.760000
430.000000,0.912371,0.922382,0.952064,0.946107,0.924914,1.980000
431.000000,0.914384,0.919965,0.948490,0.948331,0.920598,0.780000
432.000000,0.913780,0.915751,0.944872,0.949813,0.911249,1.460000
433.000000,0.908918,0.911062,0.939650,0.949655,0.886507,2.359700
434.000000,0.904143,0.906919,0.933925,0.948681,0.877445,1.290000
435.000000,0.896461,0.904416,0.928769,0.947051,0.886507,0.870000
436.000000,0.882394,0.898389,0.921843,0.943719,0.850259,2.730000
437.000000,0.871461,0.892621,0.915808,0.939988,0.856588,0.955000
438.000000,0.863895,0.886407,0.909688,0.935606,0.848677,0.930000
439.000000,0.846318,0.875230,0.900619,0.928591,0.789557,5.610000
440.000000,0.822296,0.859379,0.890880,0.921169,0.766398,3.710000
441.000000,0.805265,0.843829,0.881897,0.913603,0.765104,1.690000
442.000000,0.789298,0.830380,0.873065,0.906708,0.776755,1.130000
443.000000,0.770311,0.817103,0.864082,0.898801,0.753740,1.813900
444.000000,0.756214,0.801266,0.854092,0.889706,0.719074,2.730000
445.000000,0.750374,0.786335,0.845375,0.881291,0.737198,3.430000
446.000000,0.741197,0.773231,0.835810,0.872305,0.719217,2.290000
447.000000,0.726870,0.758084,0.825352,0.863234,0.705121,1.979900
448.000000,0.710242,0.740276,0.813341,0.853217,0.670598,3.080000
449.000000,0.704517,0.730365,0.802798,0.843867,0.690449,2.830000
450.000000,0.700921,0.725647,0.792513,0.835803,0.719217,4.784000
451.000000,0.704718,0.722957,0.783393,0.828917,0.738205,4.780000
452.000000,0.707048,0.716959,0.773669,0.821030,0.716772,3.230000
453.000000,0.722296,0.716269,0.766686,0.814811,0.746835,2.120000
454.000000,0.741283,0.722900,0.762083,0.810362,0.785386,3.900000
455.000000,0.746749,0.723835,0.755085,0.804862,0.746548,3.050000
456.000000,0.750000,0.727359,0.750295,0.799660,0.754459,1.470000
457.000000,0.760961,0.734005,0.746044,0.794903,0.771577,1.410000
458.000000,0.765823,0.744059,0.742168,0.790247,0.771145,1.610000
459.000000,0.769793,0.755538,0.742952,0.787044,0.805236,2.890000
460.000000,0.781157,0.763953,0.744800,0.782993,0.803366,2.390000
461.000000,0.788838,0.769419,0.746188,0.778735,0.792865,4.740000
462.000000,0.794908,0.777934,0.747447,0.775091,0.801928,1.379000
463.000000,0.802129,0.783976,0.750122,0.772449,0.807250,1.280000
464.000000,0.800575,0.785184,0.754042,0.769783,0.797468,1.400000
465.000000,0.803395,0.792276,0.758055,0.767482,0.817463,1.905000
466.000000,0.810155,0.799497,0.763428,0.766695,0.826669,0.930000
467.000000,0.815679,0.805293,0.769649,0.765794,0.829545,1.800000
468.000000,0.821001,0.811565,0.777812,0.765300,0.833861,1.000000
469.000000,0.828395,0.814485,0.785012,0.766796,0.834436,1.120000
470.000000,0.831991,0.817693,0.790823,0.769098,0.835443,0.870000
471.000000,0.832509,0.821332,0.795375,0.771236,0.829258,1.420000
472.000000,0.832077,0.823878,0.800906,0.772924,0.827388,1.540000
473.000000,0.834407,0.827704,0.805840,0.775983,0.845512,2.120000
474.000000,0.839960,0.834177,0.809681,0.780754,0.862198,1.910000
475.000000,0.844217,0.838104,0.815190,0.784738,0.856732,1.180000
476.000000,0.849252,0.840880,0.820188,0.789245,0.854430,1.420000
477.000000,0.855667,0.843872,0.824583,0.794390,0.859465,1.472000
478.000000,0.861824,0.848116,0.829840,0.801247,0.876295,1.670000
479.000000,0.868613,0.854287,0.834386,0.808103,0.896145,1.570000
480.000000,0.872267,0.858242,0.837967,0.813296,0.875000,2.095000
481.000000,0.874425,0.861838,0.841585,0.817530,0.865219,1.200000
482.000000,0.869822,0.862745,0.843311,0.821519,0.836450,2.879000
483.000000,0.861824,0.861824,0.844764,0.824501,0.836306,1.310000
484.000000,0.854661,0.861637,0.847907,0.826999,0.860328,1.950000
485.000000,0.855610,0.863938,0.851021,0.831439,0.879747,2.170000
486.000000,0.864039,0.869232,0.855056,0.836536,0.907365,2.450000
487.000000,0.875403,0.872612,0.858242,0.840593,0.893268,1.630000
488.000000,0.887227,0.874525,0.861320,0.844735,0.895426,1.820000
489.000000,0.891456,0.873058,0.863672,0.847277,0.881473,1.310000
490.000000,0.894448,0.875029,0.866636,0.850321,0.894707,1.540000
491.000000,0.881703,0.872871,0.867355,0.852014,0.843642,3.630000
492.000000,0.868728,0.872066,0.867405,0.852896,0.828395,2.870000
493.000000,0.850259,0.868743,0.865283,0.852757,0.803078,2.310000
494.000000,0.839758,0.865607,0.863622,0.853807,0.828970,2.111600
495.000000,0.828107,0.861277,0.862608,0.854440,0.836450,1.980000
496.000000,0.826755,0.854229,0.861730,0.854780,0.836881,1.190000
497.000000,0.829804,0.849266,0.860939,0.855250,0.843642,1.110000
498.000000,0.854689,0.852474,0.863500,0.858372,0.927503,6.360000
499.000000,0.873677,0.856717,0.864888,0.861354,0.923907,0.839900
500.000000,0.893585,0.860846,0.867937,0.864706,0.935990,1.050000
501.000000,0.918297,0.872526,0.872699,0.869078,0.960443,2.490000
502.000000,0.943642,0.886723,0.879394,0.873844,0.970368,2.035000
503.000000,0.948964,0.901827,0.885285,0.877465,0.954114,2.120000
504.000000,0.956272,0.914974,0.890291,0.880739,0.960443,1.370000
505.000000,0.954171,0.923878,0.892578,0.883031,0.925489,3.140000
506.000000,0.947037,0.932667,0.893448,0.885376,0.924770,2.740000
507.000000,0.943872,0.943757,0.896512,0.888545,0.954545,2.210000
508.000000,0.946404,0.947684,0.900079,0.891561,0.966772,1.890000
509.000000,0.944333,0.950302,0.903510,0.893359,0.950086,2.130000
510.000000,0.945944,0.950058,0.905452,0.895311,0.933544,2.050000
511.000000,0.946332,0.946684,0.909605,0.897360,0.926712,2.290000
512.000000,0.936925,0.940398,0.913561,0.899729,0.907509,2.905000
513.000000,0.919433,0.932919,0.917373,0.901163,0.879315,2.945000
514.000000,0.905106,0.924720,0.919847,0.901767,0.878452,0.980000
515.000000,0.895066,0.920505,0.922191,0.901887,0.883343,1.940000
516.000000,0.885702,0.916017,0.924342,0.900971,0.879891,1.680000
517.000000,0.885242,0.911083,0.927420,0.901369,0.905207,2.570000
518.000000,0.885644,0.902539,0.925111,0.900899,0.881329,1.970000
519.000000,0.885184,0.895145,0.922724,0.900722,0.876151,1.070000
520.000000,0.882998,0.889032,0.919545,0.899978,0.872411,1.720000
521.000000,0.876928,0.881315,0.914000,0.900175,0.849540,2.170000
522.000000,0.862457,0.873849,0.907124,0.900324,0.832854,3.099900
523.000000,0.851064,0.868354,0.900637,0.901033,0.824367,1.500000
524.000000,0.843743,0.864463,0.894591,0.901386,0.839543,2.070000
525.000000,0.841326,0.862162,0.891333,0.902182,0.860328,1.985000
526.000000,0.845239,0.861083,0.888550,0.903256,0.869102,2.192500
527.000000,0.854905,0.858681,0.884882,0.904507,0.881185,1.470000
528.000000,0.868139,0.859602,0.881070,0.903275,0.890535,1.540000
529.000000,0.880265,0.862004,0.878575,0.902484,0.900173,1.720000
530.000000,0.887284,0.864305,0.876669,0.901132,0.895426,1.540000
531.000000,0.889586,0.867412,0.874363,0.898470,0.880610,1.370000
532.000000,0.889586,0.872245,0.873047,0.895498,0.881185,1.170000
533.000000,0.890708,0.879423,0.873889,0.893565,0.896145,1.360000
534.000000,0.891945,0.886105,0.875284,0.891763,0.906358,1.000000
535.000000,0.893096,0.890190,0.876176,0.890952,0.901180,1.410000
536.000000,0.903481,0.896533,0.878808,0.891211,0.932537,5.250000
537.000000,0.906904,0.898245,0.878463,0.889336,0.898303,2.920000
538.000000,0.905006,0.897857,0.878729,0.886666,0.886651,1.360000
539.000000,0.897583,0.894764,0.878384,0.883971,0.869246,1.570000
540.000000,0.891571,0.892333,0.878319,0.881890,0.871116,1.310000
541.000000,0.880150,0.891815,0.879614,0.880181,0.875432,0.950000
542.000000,0.874885,0.890895,0.881570,0.878996,0.871979,1.250000
543.000000,0.875374,0.890190,0.884807,0.879322,0.889097,1.610000
544.000000,0.878999,0.888291,0.887198,0.879620,0.887371,0.680000
545.000000,0.879373,0.885472,0.887831,0.879275,0.872986,1.170000
546.000000,0.878711,0.879430,0.887982,0.879016,0.872123,0.660000
547.000000,0.878251,0.876568,0.887407,0.877831,0.869678,0.930000
548.000000,0.874166,0.874770,0.886313,0.877409,0.868671,0.920000
549.000000,0.866312,0.872655,0.883710,0.876474,0.848101,1.690000
550.000000,0.864614,0.871994,0.882163,0.876211,0.864499,1.800000
551.000000,0.862802,0.870757,0.881286,0.876661,0.863061,0.960000
552.000000,0.856387,0.867319,0.879107,0.876820,0.837601,2.450000
553.000000,0.850432,0.862299,0.876244,0.877304,0.838895,1.180000
554.000000,0.848619,0.857465,0.872878,0.877287,0.839039,0.800000
555.000000,0.848389,0.856502,0.870987,0.877388,0.863349,2.520000
556.000000,0.845311,0.854056,0.866743,0.876673,0.847670,1.430000
557.000000,0.847181,0.851784,0.864176,0.875532,0.846951,1.050000
558.000000,0.847727,0.849079,0.861925,0.873902,0.841628,0.760000
559.000000,0.846203,0.847411,0.860033,0.871610,0.831415,0.900000
560.000000,0.837543,0.842966,0.857480,0.869098,0.820052,1.140000
561.000000,0.830610,0.837960,0.854358,0.866844,0.813003,1.320000
562.000000,0.824640,0.835911,0.851615,0.864708,0.817103,0.990000
563.000000,0.824871,0.836299,0.849299,0.862929,0.842779,2.115000
564.000000,0.828366,0.837284,0.847375,0.861014,0.848892,1.690000
565.000000,0.833400,0.835472,0.845987,0.859148,0.845224,1.690000
566.000000,0.836047,0.833329,0.843692,0.855605,0.826237,2.240000
567.000000,0.835270,0.829955,0.840870,0.852769,0.813219,1.160000
568.000000,0.826496,0.825683,0.837381,0.849844,0.798907,1.435000
569.000000,0.816959,0.822663,0.835037,0.847576,0.801208,2.305000
570.000000,0.805754,0.819577,0.831272,0.844846,0.789197,2.230000
571.000000,0.798734,0.817391,0.827675,0.842036,0.791139,0.510800
572.000000,0.794002,0.814636,0.825273,0.839288,0.789557,0.980000
573.000000,0.790693,0.808595,0.822447,0.835731,0.782365,1.260000
574.000000,0.789902,0.803431,0.820357,0.832727,0.797253,1.480000
575.000000,0.793283,0.799518,0.817495,0.830497,0.806099,0.910000
576.000000,0.795555,0.797145,0.815237,0.828177,0.802503,1.220000
577.000000,0.798432,0.796217,0.813086,0.825985,0.803941,1.180000
578.000000,0.802920,0.796807,0.811245,0.823856,0.804804,0.908000
579.000000,0.804171,0.797037,0.809850,0.822370,0.803510,0.889700
580.000000,0.806588,0.799935,0.809756,0.820826,0.818182,1.650000
581.000000,0.806272,0.800913,0.809152,0.818755,0.800921,1.806000
582.000000,0.804171,0.801302,0.807969,0.817283,0.793441,0.930000
583.000000,0.801381,0.802150,0.805373,0.815681,0.790852,0.580000
584.000000,0.798533,0.801352,0.802391,0.814022,0.789269,0.530000
585.000000,0.790650,0.798619,0.799069,0.811203,0.778769,1.190000
586.000000,0.789658,0.797965,0.797555,0.809479,0.795958,1.630000
587.000000,0.791384,0.797778,0.796997,0.807983,0.802071,1.405000
588.000000,0.787730,0.794556,0.795681,0.805682,0.772583,2.390000
589.000000,0.780998,0.789766,0.793401,0.803155,0.755610,1.770000
590.000000,0.778093,0.784371,0.792153,0.801295,0.764241,2.030000
591.000000,0.772670,0.781164,0.791039,0.799823,0.768843,1.200000
592.000000,0.765650,0.778517,0.789909,0.798152,0.766974,0.830000
593.000000,0.757825,0.772778,0.787464,0.794508,0.733458,2.350000
594.000000,0.751554,0.766276,0.783814,0.790353,0.724252,1.180000
595.000000,0.745627,0.761860,0.780239,0.786666,0.734609,1.050000
596.000000,0.753797,0.763234,0.780599,0.786114,0.809695,5.490000
597.000000,0.759839,0.762745,0.780261,0.785580,0.797181,1.449000
598.000000,0.770109,0.763967,0.779261,0.785110,0.784810,1.450000
599.000000,0.781732,0.766643,0.778204,0.784482,0.782365,1.230000
600.000000,0.791456,0.768541,0.776456,0.784283,0.783228,1.030000
601.000000,0.785644,0.769721,0.775442,0.783933,0.780639,1.235000
602.000000,0.776841,0.768340,0.773429,0.782720,0.753165,2.000000
603.000000,0.772411,0.771260,0.772019,0.782063,0.762658,1.040000
604.000000,0.766484,0.774108,0.770192,0.780579,0.752733,1.190000
605.000000,0.756559,0.774007,0.767934,0.778162,0.733602,1.420000
606.000000,0.747727,0.766686,0.764960,0.775961,0.736479,0.840000
607.000000,0.746663,0.761752,0.762248,0.774091,0.747842,1.611000
608.000000,0.744333,0.758372,0.761169,0.772298,0.751007,0.810000
609.000000,0.740794,0.753639,0.760141,0.770016,0.735040,1.385000
610.000000,0.741542,0.749051,0.758796,0.767321,0.737342,0.900000
611.000000,0.738349,0.743038,0.756379,0.764641,0.720512,1.580000
612.000000,0.732135,0.739399,0.753869,0.762085,0.716772,1.170000
613.000000,0.727906,0.736119,0.753690,0.760052,0.729862,1.330000
614.000000,0.726266,0.733530,0.753819,0.757971,0.726841,0.790000
615.000000,0.723878,0.732710,0.753359,0.756192,0.725403,1.070000
616.000000,0.723849,0.731099,0.748892,0.753673,0.720368,1.050000
617.000000,0.723389,0.727762,0.744757,0.750753,0.714471,0.820000
618.000000,0.719591,0.723749,0.741060,0.748696,0.710875,1.230000
619.000000,0.719965,0.723116,0.738377,0.747799,0.728711,1.480000
620.000000,0.715593,0.719735,0.734393,0.745776,0.703539,1.805000
621.000000,0.712025,0.717937,0.730488,0.743565,0.702532,1.220000
622.000000,0.711249,0.717319,0.728359,0.741686,0.710587,0.890000
623.000000,0.707854,0.713723,0.724921,0.740367,0.693901,1.410000
624.000000,0.693987,0.706976,0.720253,0.738205,0.659379,3.199900
625.000000,0.686479,0.701036,0.716873,0.735918,0.665995,0.960000
626.000000,0.675403,0.693714,0.712407,0.730500,0.647152,1.340000
627.000000,0.660098,0.685673,0.706717,0.725062,0.634062,1.860000
628.000000,0.648188,0.678021,0.700885,0.720047,0.634350,1.410000
629.000000,0.643786,0.668887,0.696001,0.715214,0.637371,0.555000
630.000000,0.636105,0.661292,0.690514,0.710026,0.627589,1.200000
631.000000,0.633803,0.654603,0.686270,0.705193,0.635644,1.800000
632.000000,0.628452,0.644275,0.680797,0.700331,0.607307,2.000000
633.000000,0.621835,0.635012,0.674367,0.694951,0.601266,1.374900
634.000000,0.616341,0.630063,0.668520,0.690190,0.609896,0.885000
635.000000,0.612313,0.624209,0.662622,0.685985,0.607451,0.760000
636.000000,0.607595,0.620699,0.657207,0.681837,0.612054,0.800000
637.000000,0.609638,0.619045,0.652359,0.677493,0.617520,1.810000
638.000000,0.614241,0.618038,0.648029,0.673269,0.624281,1.680000
639.000000,0.619419,0.617880,0.643383,0.669961,0.635788,3.060000
640.000000,0.619131,0.615722,0.638507,0.665583,0.606013,3.520000
641.000000,0.614960,0.611277,0.632940,0.661273,0.591197,1.540000
642.000000,0.613061,0.611349,0.627812,0.657648,0.608026,2.120000
643.000000,0.606530,0.610386,0.622699,0.653040,0.591628,1.990000
644.000000,0.596116,0.607768,0.618915,0.648269,0.583717,0.730000
645.000000,0.591657,0.605394,0.614801,0.643546,0.583717,1.466600
646.000000,0.592376,0.603668,0.612184,0.639360,0.594793,2.080000
647.000000,0.591600,0.602330,0.610688,0.635683,0.604143,1.010000
648.000000,0.596663,0.601597,0.609817,0.632552,0.616945,1.610000
649.000000,0.604862,0.600489,0.609184,0.629085,0.624712,1.120000
650.000000,0.612831,0.602244,0.608983,0.626419,0.623562,1.100000
651.000000,0.623562,0.607969,0.609623,0.624616,0.648446,2.360000
652.000000,0.628855,0.610227,0.610788,0.621951,0.630610,2.150000
653.000000,0.633400,0.615032,0.612709,0.620143,0.639672,1.440000
654.000000,0.629833,0.617348,0.612558,0.618393,0.606876,2.620000
655.000000,0.632336,0.622583,0.613989,0.617395,0.636076,2.220000
656.000000,0.622440,0.623001,0.613334,0.615789,0.598964,2.640000
657.000000,0.621174,0.625014,0.613672,0.615463,0.624281,2.610000
658.000000,0.618038,0.625719,0.613658,0.615118,0.623993,1.560000
659.000000,0.623446,0.626640,0.613564,0.615003,0.633918,1.280000
660.000000,0.631157,0.631746,0.616995,0.616571,0.674626,3.390000
661.000000,0.645167,0.633803,0.620886,0.617683,0.669016,1.330000
662.000000,0.652215,0.636694,0.623461,0.619424,0.659522,0.780000
663.000000,0.655466,0.636752,0.625892,0.620723,0.640247,1.695000
664.000000,0.650316,0.636881,0.627114,0.620666,0.608170,3.290000
665.000000,0.632394,0.631775,0.627179,0.619918,0.585012,3.690000
666.000000,0.614183,0.629675,0.626338,0.618781,0.577963,2.640000
667.000000,0.600806,0.626510,0.625762,0.617952,0.592635,2.180000
668.000000,0.598159,0.626812,0.626266,0.618043,0.627014,2.670000
669.000000,0.603452,0.626884,0.626762,0.618004,0.634638,1.250000
670.000000,0.613406,0.622900,0.627323,0.618963,0.634781,1.420000
671.000000,0.620713,0.617448,0.625626,0.619740,0.614499,1.890000
672.000000,0.627215,0.614010,0.625352,0.620311,0.625144,1.080000
673.000000,0.628078,0.613119,0.624935,0.621634,0.631329,1.030000
674.000000,0.622756,0.613104,0.624993,0.622444,0.608026,1.940000
675.000000,0.622181,0.617793,0.624784,0.624051,0.631904,1.770000
676.000000,0.625863,0.623288,0.626482,0.625321,0.632911,1.230000
677.000000,0.627560,0.627388,0.626949,0.626304,0.633631,0.850000
678.000000,0.630207,0.629143,0.627978,0.627225,0.644563,1.360000
679.000000,0.635213,0.628984,0.627934,0.627503,0.633055,1.290000
680.000000,0.639873,0.631027,0.626963,0.628558,0.655207,1.700000
681.000000,0.646490,0.636177,0.626812,0.629143,0.665995,1.020000
682.000000,0.654862,0.641211,0.627611,0.630639,0.675489,1.739900
683.000000,0.654689,0.642448,0.627783,0.630773,0.643700,2.370000
684.000000,0.656099,0.645656,0.629380,0.631881,0.640104,1.548100
685.000000,0.648878,0.644376,0.631085,0.631315,0.619102,2.120000
686.000000,0.638493,0.642491,0.632890,0.631818,0.614068,1.310000
687.000000,0.630639,0.642750,0.635069,0.632216,0.636220,2.540000
688.000000,0.631300,0.642995,0.636069,0.632983,0.647008,0.880000
689.000000,0.625058,0.640578,0.634781,0.632149,0.608890,2.860000
690.000000,0.622957,0.635918,0.633472,0.629948,0.608602,1.749900
691.000000,0.625806,0.632149,0.634163,0.628591,0.628308,1.640000
692.000000,0.626007,0.628323,0.634767,0.627848,0.637227,1.350000
693.000000,0.627675,0.629488,0.635968,0.628352,0.655351,2.400000
694.000000,0.639787,0.632422,0.639039,0.630394,0.669448,1.470000
695.000000,0.651582,0.637270,0.640823,0.633146,0.667578,1.170000
696.000000,0.665967,0.645886,0.644189,0.637222,0.700230,2.420000
697.000000,0.683602,0.654804,0.648777,0.641647,0.725403,2.475000
698.000000,0.694994,0.661335,0.652165,0.644491,0.712313,2.405000
699.000000,0.702819,0.671303,0.655941,0.646955,0.708573,1.610000
700.000000,0.710414,0.680998,0.658458,0.649314,0.705552,1.920000
701.000000,0.712284,0.689125,0.660637,0.652484,0.709580,1.185000
702.000000,0.711565,0.697583,0.662953,0.655706,0.721807,1.010000
703.000000,0.712486,0.703740,0.666614,0.658559,0.716916,1.540000
704.000000,0.713550,0.708185,0.670304,0.662088,0.713895,0.890000
705.000000,0.716139,0.713277,0.675273,0.664974,0.718498,1.320000
706.000000,0.717779,0.715032,0.680459,0.667803,0.717779,0.730000
707.000000,0.715334,0.713449,0.684127,0.670335,0.709580,1.340000
708.000000,0.715190,0.713838,0.687586,0.672722,0.716197,1.720000
709.000000,0.716226,0.714888,0.693096,0.675590,0.719074,0.580000
710.000000,0.712428,0.714284,0.697641,0.677067,0.699511,2.090000
711.000000,0.712399,0.715089,0.702107,0.678788,0.717635,1.650000
712.000000,0.713953,0.714643,0.706113,0.680183,0.717348,0.960000
713.000000,0.714384,0.714787,0.709264,0.682672,0.718354,0.990000
714.000000,0.721030,0.718628,0.713406,0.686412,0.752301,3.100000
715.000000,0.714471,0.713449,0.713363,0.687999,0.666715,7.940000
716.000000,0.701064,0.706732,0.710882,0.689217,0.650604,1.730000
717.000000,0.681876,0.697914,0.705682,0.688723,0.621404,2.490000
718.000000,0.668153,0.691269,0.702553,0.688814,0.649741,1.990000
719.000000,0.641398,0.681214,0.698051,0.689135,0.618527,2.980000
720.000000,0.628078,0.671274,0.692779,0.688852,0.600115,1.380000
721.000000,0.618211,0.659638,0.687363,0.687951,0.601266,1.000000
722.000000,0.610702,0.646289,0.680466,0.686172,0.583861,1.345000
723.000000,0.597296,0.632724,0.673756,0.683750,0.582710,1.010000
724.000000,0.587831,0.614614,0.666621,0.680476,0.571203,1.480000
725.000000,0.582710,0.605394,0.659422,0.677373,0.574511,1.670000
726.000000,0.580035,0.599123,0.652927,0.673629,0.587888,0.990000
727.000000,0.582048,0.596375,0.647145,0.669246,0.593930,0.660000
728.000000,0.583429,0.590362,0.640816,0.665156,0.589614,1.470000
729.000000,0.586047,0.586939,0.634077,0.661014,0.584292,1.116400
730.000000,0.584091,0.583400,0.627337,0.656320,0.564730,1.740000
731.000000,0.579517,0.579776,0.619707,0.651501,0.565017,0.610000
732.000000,0.572785,0.577417,0.611853,0.646116,0.560270,1.260000
733.000000,0.562428,0.572929,0.602827,0.640147,0.537831,1.855000
734.000000,0.554056,0.570052,0.592333,0.634431,0.542434,0.840000
735.000000,0.546231,0.565161,0.585278,0.628002,0.525604,2.140000
736.000000,0.535932,0.557724,0.578423,0.621193,0.513521,1.475000
737.000000,0.526323,0.549554,0.572965,0.614614,0.512227,1.000000
738.000000,0.520483,0.541456,0.565909,0.607696,0.508631,0.925000
739.000000,0.509033,0.531545,0.559242,0.599899,0.485184,1.680000
740.000000,0.503682,0.524957,0.554179,0.593211,0.498849,1.720000
741.000000,0.503251,0.519591,0.549684,0.586335,0.511364,1.420000
742.000000,0.499942,0.513133,0.545275,0.578946,0.495685,1.195000
743.000000,0.493383,0.506933,0.539931,0.570862,0.475834,1.861000
744.000000,0.493412,0.501223,0.535637,0.561963,0.485328,0.730000
745.000000,0.495167,0.499425,0.532293,0.556660,0.507624,1.700000
746.000000,0.493268,0.498259,0.527992,0.551702,0.501870,0.840000
747.000000,0.494649,0.497296,0.523425,0.547742,0.502589,1.000000
748.000000,0.500489,0.496936,0.519196,0.542918,0.505035,1.070000
749.000000,0.506818,0.500115,0.515830,0.539533,0.516974,1.310000
750.000000,0.509839,0.502503,0.513730,0.536953,0.522727,1.050000
751.000000,0.515765,0.504517,0.512054,0.534628,0.531502,0.760000
752.000000,0.519160,0.506904,0.510019,0.532485,0.519563,1.300000
753.000000,0.524166,0.512327,0.509630,0.530730,0.530063,0.910000
754.000000,0.524194,0.515506,0.508364,0.528927,0.517117,1.070000
755.000000,0.524051,0.516945,0.508185,0.527177,0.522008,1.230000
756.000000,0.521548,0.518657,0.508458,0.524880,0.518987,1.773300
757.000000,0.519505,0.519333,0.508314,0.522061,0.509350,1.255000
758.000000,0.509839,0.517002,0.506969,0.518465,0.481732,2.350000
759.000000,0.497123,0.510659,0.505387,0.514106,0.453539,2.330000
760.000000,0.481013,0.502532,0.502517,0.509997,0.441456,2.170000
761.000000,0.463780,0.492664,0.498590,0.505591,0.432825,1.730000
762.000000,0.446203,0.482854,0.494879,0.500964,0.421461,2.010000
763.000000,0.428078,0.468959,0.490643,0.496073,0.391110,2.820000
764.000000,0.414787,0.455955,0.485731,0.490895,0.387083,2.270000
765.000000,0.399079,0.440046,0.478495,0.485472,0.362917,2.320000
766.000000,0.383659,0.423720,0.471188,0.480212,0.355725,1.680000
767.000000,0.370915,0.408559,0.463946,0.475062,0.357739,2.145000
768.000000,0.365391,0.396735,0.456869,0.470224,0.363493,1.080000
769.000000,0.363003,0.388895,0.449777,0.466556,0.375144,1.830000
770.000000,0.363349,0.381214,0.441873,0.462083,0.364643,0.830000
771.000000,0.371375,0.377517,0.435091,0.458233,0.395857,2.690000
772.000000,0.376554,0.373734,0.428294,0.454498,0.383631,1.510000
773.000000,0.378308,0.371850,0.420404,0.451045,0.372267,2.230000
774.000000,0.378855,0.370929,0.413442,0.447464,0.377877,1.240000
775.000000,0.382048,0.372699,0.406372,0.443230,0.380610,1.105000
776.000000,0.372756,0.372066,0.397893,0.438147,0.349396,2.670000
777.000000,0.368815,0.372684,0.390621,0.433525,0.363924,2.047500
778.000000,0.370800,0.374554,0.385644,0.429430,0.382192,1.535000
779.000000,0.369735,0.374295,0.381595,0.424616,0.372555,1.240000
780.000000,0.364413,0.373231,0.377222,0.418992,0.353999,2.295000
781.000000,0.366139,0.369448,0.373482,0.413210,0.358026,1.410000
782.000000,0.367232,0.368024,0.370879,0.408204,0.369390,1.420000
783.000000,0.361853,0.366326,0.369088,0.402378,0.355293,1.550000
784.000000,0.362112,0.365923,0.368426,0.397603,0.373849,1.610000
785.000000,0.370713,0.367563,0.370131,0.393436,0.397008,2.520000
786.000000,0.384379,0.375259,0.373662,0.390348,0.426352,3.370000
787.000000,0.394649,0.380941,0.376812,0.387395,0.420742,1.430000
788.000000,0.407163,0.384508,0.379531,0.385266,0.417865,1.210000
789.000000,0.417808,0.389960,0.382127,0.384383,0.427071,1.450000
790.000000,0.424684,0.397699,0.385465,0.384048,0.431387,1.470000
791.000000,0.402819,0.393599,0.381523,0.380188,0.317031,8.079900
792.000000,0.387025,0.390837,0.379430,0.377532,0.341772,2.792600
793.000000,0.374568,0.390866,0.378596,0.376347,0.355581,1.540000
794.000000,0.362917,0.390362,0.378143,0.375738,0.368815,1.710000
795.000000,0.353251,0.388967,0.378265,0.376410,0.383055,1.540000
796.000000,0.369764,0.386292,0.380775,0.377872,0.399597,2.110000
797.000000,0.382652,0.384839,0.382890,0.379488,0.406214,1.077600
798.000000,0.393585,0.384077,0.384292,0.381046,0.410242,1.530000
799.000000,0.400806,0.381861,0.385911,0.382039,0.404919,1.338900
800.000000,0.400201,0.376726,0.387212,0.382552,0.380035,1.770000
801.000000,0.396807,0.383285,0.388442,0.382111,0.382624,1.270000
802.000000,0.389988,0.386320,0.388579,0.381727,0.372123,2.120000
803.000000,0.386968,0.390276,0.390571,0.382489,0.395138,1.630000
804.000000,0.383688,0.392247,0.391305,0.382844,0.388521,1.370000
805.000000,0.383372,0.391787,0.390377,0.382772,0.378452,1.435600
806.000000,0.384868,0.390837,0.388564,0.384129,0.390104,1.420000
807.000000,0.392722,0.391355,0.388097,0.385712,0.411392,1.510000
808.000000,0.397094,0.392031,0.388054,0.386872,0.417002,2.330000
809.000000,0.402819,0.393254,0.387558,0.388358,0.417146,1.300000
810.000000,0.410587,0.396979,0.386853,0.390468,0.417290,1.330000
811.000000,0.411795,0.398331,0.390808,0.391739,0.396145,1.670000
812.000000,0.407336,0.400029,0.393175,0.392395,0.389097,1.110000
813.000000,0.397986,0.397540,0.393908,0.392894,0.370253,1.910000
814.000000,0.391254,0.397037,0.394642,0.393215,0.383487,2.010000
815.000000,0.383544,0.397066,0.394426,0.392606,0.378740,1.550000
816.000000,0.383026,0.397411,0.394124,0.391513,0.393556,1.570000
817.000000,0.381128,0.394232,0.392793,0.390142,0.379603,1.260000
818.000000,0.380466,0.389226,0.390629,0.388445,0.366945,1.190000
819.000000,0.375921,0.383587,0.388421,0.386234,0.360759,0.590000
820.000000,0.372382,0.377963,0.387471,0.383890,0.361047,0.990000
821.000000,0.363493,0.373259,0.385795,0.384959,0.349108,1.120000
822.000000,0.358631,0.369879,0.384954,0.385409,0.355293,0.990000
823.000000,0.350518,0.365492,0.381516,0.384436,0.326381,2.040000
824.000000,0.342808,0.359364,0.378201,0.382883,0.322209,1.055000
825.000000,0.339931,0.356157,0.376611,0.381670,0.346663,1.950000
826.000000,0.337313,0.350403,0.373907,0.379550,0.336018,1.140000
827.000000,0.332221,0.345426,0.369829,0.377004,0.329833,0.710000
828.000000,0.334033,0.342276,0.365751,0.374511,0.335443,1.286000
829.000000,0.336018,0.339413,0.361500,0.372085,0.332135,1.285000
830.000000,0.333458,0.336694,0.357329,0.370546,0.333861,0.910000
831.000000,0.335414,0.336364,0.354812,0.369318,0.345800,1.340000
832.000000,0.341484,0.336853,0.353366,0.368920,0.360184,1.860000
833.000000,0.343441,0.338737,0.352114,0.367256,0.345224,1.420000
834.000000,0.347152,0.341585,0.350475,0.365995,0.350690,0.870000
835.000000,0.353625,0.343541,0.349849,0.365588,0.366226,1.440000
836.000000,0.356761,0.346087,0.348245,0.364634,0.361479,0.920000
837.000000,0.356933,0.349209,0.347317,0.362956,0.361047,0.730000
838.000000,0.358746,0.351093,0.346684,0.360865,0.354287,0.940000
839.000000,0.356329,0.351741,0.345577,0.358247,0.338608,1.630000
840.000000,0.355035,0.354330,0.345512,0.356329,0.359753,2.210000
841.000000,0.355811,0.356286,0.346325,0.355303,0.365362,1.415000
842.000000,0.358861,0.357897,0.347375,0.354876,0.376295,1.210000
843.000000,0.362198,0.360472,0.349604,0.354900,0.370972,1.120000
844.000000,0.370397,0.363363,0.352474,0.354771,0.379603,1.310000
845.000000,0.373648,0.364341,0.353941,0.354680,0.376007,1.130000
846.000000,0.371893,0.363852,0.354970,0.353447,0.356588,1.960600
847.000000,0.366024,0.362442,0.355826,0.352359,0.346951,1.315000
848.000000,0.363809,0.363003,0.357048,0.352124,0.359896,1.095000
849.000000,0.362572,0.366484,0.359112,0.352546,0.373418,1.830000
850.000000,0.362601,0.368124,0.361227,0.353049,0.376151,0.827600
851.000000,0.366945,0.369419,0.362852,0.354023,0.378308,1.235000
852.000000,0.376208,0.371116,0.364507,0.355289,0.393268,1.290000
853.000000,0.382911,0.373360,0.366916,0.357523,0.393412,0.577000
854.000000,0.386536,0.374554,0.368959,0.359834,0.391542,1.230000
855.000000,0.392549,0.377575,0.370958,0.361819,0.406214,1.220000
856.000000,0.398101,0.382523,0.373188,0.364154,0.406070,0.810000
857.000000,0.402273,0.389241,0.375841,0.366964,0.414125,1.086800
858.000000,0.409896,0.396404,0.379704,0.370167,0.431530,1.300000
859.000000,0.419189,0.402862,0.384673,0.373696,0.438003,1.030000
860.000000,0.427675,0.410112,0.389118,0.377522,0.448648,1.210000
861.000000,0.433861,0.415981,0.392700,0.380562,0.436997,1.474300
862.000000,0.444735,0.423504,0.397310,0.384172,0.468498,2.290000
863.000000,0.456991,0.433444,0.403402,0.389092,0.492808,1.810000
864.000000,0.468211,0.443700,0.409127,0.393872,0.494102,0.860000
865.000000,0.476870,0.452273,0.414924,0.398063,0.491945,0.750000
866.000000,0.484005,0.458933,0.420728,0.401769,0.472670,1.620000
867.000000,0.482365,0.463550,0.426395,0.405078,0.460299,0.960000
868.000000,0.474079,0.465535,0.430970,0.408314,0.451381,1.590000
869.000000,0.466830,0.467520,0.435191,0.412289,0.457854,1.240000
870.000000,0.459551,0.468211,0.439161,0.415482,0.455552,1.180000
871.000000,0.457135,0.470570,0.443275,0.418657,0.460587,1.480000
872.000000,0.460587,0.471476,0.447490,0.422032,0.477560,2.000000
873.000000,0.466686,0.470383,0.451913,0.425729,0.481876,1.340000
874.000000,0.471404,0.469117,0.456408,0.429124,0.481444,1.335000
875.000000,0.480437,0.469994,0.461133,0.433281,0.500719,1.380000
876.000000,0.479545,0.468340,0.463636,0.436599,0.456128,3.490000
877.000000,0.466139,0.463363,0.463457,0.438718,0.410529,3.400000
878.000000,0.453539,0.460112,0.462824,0.440684,0.418872,1.970000
879.000000,0.445771,0.458587,0.463054,0.442990,0.442606,2.100000
880.000000,0.438349,0.459393,0.463802,0.445905,0.463608,2.200100
881.000000,0.440449,0.459997,0.465283,0.448849,0.466628,0.925000
882.000000,0.448216,0.457178,0.464327,0.450719,0.449367,1.650000
883.000000,0.452215,0.452877,0.461630,0.452234,0.438867,1.520000
884.000000,0.452589,0.449180,0.459148,0.453999,0.444476,1.400000
885.000000,0.459436,0.448892,0.459443,0.457053,0.497842,3.750000
886.000000,0.466053,0.453251,0.460795,0.460175,0.499712,1.680000
887.000000,0.478395,0.463306,0.463334,0.463406,0.511076,1.110000
888.000000,0.492606,0.472411,0.466262,0.466019,0.509925,1.100000
889.000000,0.507278,0.479934,0.469261,0.468680,0.517837,1.150000
890.000000,0.511997,0.485716,0.472555,0.471107,0.521433,0.720000
891.000000,0.517664,0.491858,0.475928,0.474142,0.528049,0.870000
892.000000,0.519908,0.499151,0.478165,0.475935,0.522296,0.630000
893.000000,0.524223,0.508415,0.480646,0.477225,0.531502,1.152000
894.000000,0.526812,0.517045,0.483113,0.478447,0.530783,1.220000
895.000000,0.531243,0.521620,0.485256,0.480169,0.543585,1.458900
896.000000,0.534091,0.525877,0.489564,0.482489,0.542290,1.190000
897.000000,0.539039,0.529474,0.496390,0.485381,0.547037,0.880000
898.000000,0.540190,0.532207,0.502309,0.488243,0.537255,1.440000
899.000000,0.539701,0.533257,0.506595,0.490593,0.528337,0.840000
900.000000,0.536651,0.533947,0.509832,0.493019,0.528337,0.705000
901.000000,0.531761,0.532926,0.512392,0.494927,0.517837,0.780000
902.000000,0.522353,0.530696,0.514924,0.495675,0.500000,2.200000
903.000000,0.521030,0.530610,0.519512,0.497301,0.530639,2.730000
904.000000,0.524914,0.532307,0.524676,0.499511,0.547756,1.850000
905.000000,0.529603,0.533127,0.527373,0.501213,0.551784,0.925000
906.000000,0.537601,0.534681,0.530279,0.504603,0.557825,0.830000
907.000000,0.547900,0.535127,0.532300,0.509302,0.551496,1.630000
908.000000,0.550547,0.535788,0.533997,0.513469,0.543872,0.900000
909.000000,0.547382,0.536148,0.534702,0.516446,0.531933,1.500000
910.000000,0.541686,0.535644,0.534796,0.518436,0.523303,0.735000
911.000000,0.536795,0.537198,0.535062,0.520661,0.533372,1.240000
912.000000,0.531502,0.539701,0.535199,0.523183,0.525029,0.720000
913.000000,0.527503,0.539025,0.534817,0.526016,0.523878,0.770000
914.000000,0.527934,0.537658,0.534983,0.529004,0.534091,1.270000
915.000000,0.529833,0.535759,0.534443,0.530169,0.532796,0.680000
916.000000,0.529747,0.533271,0.533976,0.531276,0.532940,0.990000
917.000000,0.531559,0.531530,0.533329,0.532044,0.534091,0.900000
918.000000,0.530351,0.528927,0.532358,0.532307,0.517837,1.420000
919.000000,0.525432,0.526683,0.531415,0.532029,0.509494,1.180000
920.000000,0.521433,0.525633,0.530639,0.531741,0.512802,1.100000
921.000000,0.519304,0.524525,0.530862,0.531550,0.522296,0.840000
922.000000,0.515852,0.523705,0.531703,0.531367,0.516830,1.210000
923.000000,0.516226,0.523288,0.531157,0.530974,0.519707,1.245000
924.000000,0.518096,0.521764,0.529711,0.530576,0.518843,1.420000
925.000000,0.518786,0.520109,0.527934,0.529665,0.516254,0.870000
926.000000,0.517779,0.518541,0.525906,0.528831,0.517261,0.810000
927.000000,0.523734,0.519793,0.525662,0.528817,0.546605,2.040000
928.000000,0.529747,0.522986,0.525957,0.529234,0.549770,0.910000
929.000000,0.530035,0.524065,0.525374,0.528965,0.520282,2.080000
930.000000,0.530207,0.524497,0.525065,0.528591,0.517117,1.220000
931.000000,0.523705,0.520742,0.522634,0.527488,0.484753,2.470000
932.000000,0.513349,0.518541,0.521123,0.527316,0.494822,1.600000
933.000000,0.504315,0.517031,0.520160,0.526448,0.504603,0.980000
934.000000,0.508659,0.519347,0.520555,0.526256,0.542002,2.920000
935.000000,0.513234,0.521720,0.520915,0.525863,0.539988,0.930000
936.000000,0.522756,0.523231,0.520886,0.525014,0.532365,0.950000
937.000000,0.533631,0.523490,0.521641,0.524938,0.549194,1.280000
938.000000,0.543297,0.523806,0.523396,0.525240,0.552934,0.760000
939.000000,0.542750,0.525705,0.524885,0.525484,0.539269,1.210000
940.000000,0.546749,0.529991,0.527244,0.526707,0.559983,1.830000
941.000000,0.543182,0.532969,0.526856,0.526079,0.514528,4.126000
942.000000,0.533516,0.533573,0.526057,0.525273,0.500863,2.100000
943.000000,0.519965,0.531631,0.524331,0.523984,0.485184,1.440000
944.000000,0.510529,0.526640,0.522993,0.522583,0.492089,1.240000
945.000000,0.495713,0.521231,0.521476,0.521020,0.485903,0.885000
946.000000,0.488320,0.515751,0.519491,0.519174,0.477560,1.260000
947.000000,0.485932,0.509724,0.516607,0.517669,0.488924,1.300000
948.000000,0.485846,0.502906,0.513356,0.516566,0.484753,0.670000
949.000000,0.481099,0.495814,0.510759,0.515195,0.468354,1.400000
950.000000,0.481444,0.488579,0.509285,0.514356,0.487629,1.435000
951.000000,0.479804,0.484062,0.508516,0.512591,0.469361,1.590000
952.000000,0.474856,0.480394,0.506984,0.510836,0.464183,1.120000
953.000000,0.468700,0.477273,0.504452,0.508645,0.453970,1.385000
954.000000,0.464931,0.473015,0.499827,0.506334,0.449511,1.170000
955.000000,0.458113,0.469778,0.495505,0.504243,0.453539,0.930000
956.000000,0.456444,0.468124,0.491938,0.502369,0.461018,0.680100
957.000000,0.456157,0.465506,0.487615,0.499573,0.462745,0.630000
958.000000,0.456646,0.462673,0.482789,0.496461,0.456415,1.060000
959.000000,0.457020,0.460975,0.478395,0.494165,0.451381,1.230000
960.000000,0.458918,0.458516,0.473547,0.492362,0.463032,1.090000
961.000000,0.458688,0.457566,0.470814,0.491532,0.459868,0.840000
962.000000,0.459379,0.457768,0.469081,0.490578,0.466197,1.290000
963.000000,0.459810,0.458228,0.467750,0.489044,0.458573,0.990000
964.000000,0.462745,0.459882,0.466449,0.486512,0.466053,1.220000
965.000000,0.463234,0.461076,0.465427,0.484029,0.465478,1.140000
966.000000,0.464730,0.461709,0.464917,0.481861,0.467348,1.030000
967.000000,0.464557,0.461968,0.463737,0.479066,0.465334,1.280000
968.000000,0.477819,0.468815,0.465744,0.478131,0.524885,4.850000
969.000000,0.493153,0.477949,0.469462,0.478246,0.542722,2.530000
970.000000,0.512255,0.487745,0.473130,0.478280,0.560990,2.290000
971.000000,0.520339,0.492535,0.475050,0.478054,0.507768,7.115000
972.000000,0.530639,0.497598,0.477683,0.478586,0.516830,1.960000
973.000000,0.534695,0.506257,0.482243,0.480586,0.545167,2.180000
974.000000,0.535587,0.514370,0.487126,0.482422,0.547181,1.110000
975.000000,0.535644,0.523950,0.492513,0.484935,0.561277,1.990000
976.000000,0.549108,0.534724,0.498216,0.488186,0.575086,1.950000
977.000000,0.557278,0.543959,0.502963,0.490478,0.557681,1.790000
978.000000,0.559781,0.547238,0.508026,0.492909,0.557681,1.100000
979.000000,0.561047,0.548317,0.513133,0.495747,0.553510,1.119900
980.000000,0.560673,0.548159,0.517952,0.498140,0.559407,0.750000
981.000000,0.559724,0.554416,0.523475,0.501506,0.570339,0.870000
982.000000,0.562428,0.559853,0.528726,0.505073,0.571203,0.700000
983.000000,0.565247,0.562514,0.534386,0.509000,0.571778,0.510000
984.000000,0.566341,0.563694,0.539032,0.512649,0.558976,1.429200
985.000000,0.564758,0.562716,0.543333,0.515914,0.551496,1.060000
986.000000,0.560846,0.560285,0.547504,0.518906,0.550777,0.980000
987.000000,0.558314,0.560371,0.552165,0.522099,0.558544,1.360000
988.000000,0.554603,0.559925,0.553582,0.525326,0.553222,0.790000
989.000000,0.555466,0.560903,0.554610,0.529056,0.563291,1.070000
990.000000,0.562255,0.563507,0.555833,0.533137,0.585443,2.084000
991.000000,0.570138,0.565492,0.559954,0.537481,0.590190,1.380000
992.000000,0.575000,0.566657,0.563255,0.541369,0.582854,1.010000
993.000000,0.580754,0.567678,0.565096,0.545483,0.581991,0.720000
994.000000,0.576180,0.565823,0.564758,0.547962,0.540420,2.990000
995.000000,0.567923,0.565089,0.563902,0.550585,0.544160,1.380000
996.000000,0.553797,0.561968,0.561126,0.552325,0.519563,2.010000
997.000000,0.544131,0.559566,0.559968,0.554632,0.534522,1.110000
998.000000,0.538003,0.559379,0.559652,0.555514,0.551352,1.359900
999.000000,0.540478,0.558329,0.559616,0.555850,0.552791,1.085000
1000.000000,0.545224,0.556574,0.560040,0.556080,0.567894,1.150000
1001.000000,0.553337,0.553567,0.559530,0.557825,0.560127,1.310000
1002.000000,0.553740,0.548936,0.557796,0.558482,0.536536,2.085000
1003.000000,0.553366,0.545685,0.556682,0.558626,0.549482,0.960000
1004.000000,0.551007,0.545742,0.555783,0.558420,0.540995,1.290000
1005.000000,0.543268,0.544246,0.554668,0.557350,0.529200,1.650000
1006.000000,0.538262,0.545800,0.553884,0.556017,0.535098,1.030000
1007.000000,0.536479,0.545109,0.552337,0.555015,0.527618,1.370000
1008.000000,0.534379,0.543872,0.551625,0.554392,0.538982,1.460000
1009.000000,0.533717,0.542362,0.550345,0.553865,0.537687,1.190000
1010.000000,0.531300,0.537284,0.546929,0.552455,0.517117,1.690000
1011.000000,0.528970,0.533616,0.543592,0.550892,0.523446,0.950000
1012.000000,0.524741,0.530610,0.539773,0.548734,0.506473,1.479000
1013.000000,0.520167,0.527273,0.536479,0.546879,0.516110,0.890000
1014.000000,0.519131,0.526424,0.536083,0.545996,0.532509,1.585500
1015.000000,0.519649,0.525475,0.534860,0.544937,0.519707,2.051900
1016.000000,0.519908,0.524439,0.535119,0.544069,0.524741,0.880000
1017.000000,0.523044,0.523892,0.534501,0.542856,0.522152,0.840000
1018.000000,0.527445,0.523806,0.533839,0.542352,0.538119,1.440000
1019.000000,0.524741,0.521936,0.532149,0.540876,0.518987,1.450000
1020.000000,0.524626,0.522138,0.529711,0.538665,0.519131,0.950000
1021.000000,0.525173,0.522540,0.528078,0.536575,0.527474,1.280000
1022.000000,0.528711,0.525877,0.528244,0.535141,0.539845,1.220000
1023.000000,0.533314,0.530380,0.528826,0.534446,0.561133,1.920000
1024.000000,0.540593,0.532667,0.529545,0.534944,0.555380,1.029900
1025.000000,0.549684,0.537155,0.531315,0.535625,0.564586,0.840000
1026.000000,0.554315,0.539744,0.532091,0.536661,0.550633,2.000000
1027.000000,0.553423,0.541067,0.532480,0.536690,0.535386,1.320000
1028.000000,0.549942,0.541628,0.532717,0.536436,0.543728,1.220000
1029.000000,0.546174,0.543383,0.532660,0.535894,0.536536,0.641400
1030.000000,0.541715,0.545699,0.533918,0.535040,0.542290,0.550000
1031.000000,0.537572,0.545944,0.534242,0.534033,0.529919,1.255000
1032.000000,0.537025,0.545224,0.535551,0.533904,0.532652,0.790000
1033.000000,0.533947,0.541945,0.536162,0.533199,0.528337,1.000000
1034.000000,0.534264,0.540219,0.536443,0.533103,0.538119,1.080000
1035.000000,0.534062,0.537888,0.537522,0.533506,0.541283,0.770000
1036.000000,0.536133,0.536853,0.538298,0.533679,0.540276,0.850000
1037.000000,0.540132,0.538579,0.539823,0.534513,0.552647,1.275000
1038.000000,0.551438,0.542693,0.542161,0.536042,0.584868,2.650000
1039.000000,0.546692,0.540478,0.541930,0.535266,0.514384,5.760000
1040.000000,0.535558,0.534810,0.540255,0.534216,0.485616,2.250000
1041.000000,0.526812,0.531473,0.538708,0.533319,0.496548,1.090000
1042.000000,0.515046,0.527589,0.536407,0.532897,0.493815,0.670000
1043.000000,0.494160,0.522799,0.532372,0.531708,0.480437,1.090000
1044.000000,0.484666,0.515679,0.527949,0.529521,0.466916,1.070000
1045.000000,0.483142,0.509350,0.523619,0.528131,0.477992,1.260000
1046.000000,0.483314,0.505063,0.520958,0.527220,0.497411,2.220000
1047.000000,0.483544,0.499295,0.518937,0.526314,0.494965,1.432500
1048.000000,0.485788,0.489974,0.516333,0.524765,0.491657,0.760100
1049.000000,0.491571,0.488119,0.514298,0.523993,0.495829,1.020000
1050.000000,0.489212,0.486177,0.510493,0.522229,0.466197,2.360000
1051.000000,0.482048,0.482681,0.507077,0.520033,0.461594,0.620000
1052.000000,0.475978,0.479761,0.503675,0.517525,0.464614,0.570000
1053.000000,0.470742,0.478265,0.500532,0.514336,0.465478,0.570000
1054.000000,0.466628,0.479100,0.497389,0.511666,0.475259,0.875000
1055.000000,0.467837,0.478524,0.493937,0.508587,0.472238,0.570000
1056.000000,0.469016,0.475532,0.490298,0.505816,0.467491,0.767400
1057.000000,0.473792,0.474885,0.487090,0.504253,0.488493,1.705000
1058.000000,0.479258,0.475000,0.482487,0.502556,0.492808,0.659000
1059.000000,0.478280,0.472454,0.480286,0.500350,0.470368,1.600000
1060.000000,0.475978,0.471907,0.479042,0.497631,0.460731,0.980000
1061.000000,0.467491,0.468254,0.475467,0.494136,0.425058,3.290000
1062.000000,0.454143,0.463967,0.471864,0.490439,0.421749,0.810000
1063.000000,0.437745,0.458501,0.468383,0.486522,0.410817,1.060000
1064.000000,0.425575,0.451928,0.465514,0.482235,0.409522,0.800000
1065.000000,0.414643,0.445311,0.461917,0.477728,0.406070,1.110000
1066.000000,0.411881,0.439686,0.457609,0.473427,0.411249,0.910000
1067.000000,0.411277,0.432710,0.453797,0.468963,0.418728,0.956700
1068.000000,0.413751,0.425748,0.450374,0.463574,0.423188,0.650000
1069.000000,0.416945,0.421260,0.446857,0.460611,0.425489,0.585000
1070.000000,0.416168,0.415406,0.443657,0.457830,0.402186,1.890000
1071.000000,0.414241,0.413061,0.440657,0.454665,0.401611,0.710000
1072.000000,0.408458,0.409868,0.436917,0.451199,0.389816,1.340000
1073.000000,0.403395,0.408573,0.433537,0.448446,0.397871,1.200000
1074.000000,0.397382,0.407163,0.429545,0.446063,0.395426,1.070000
1075.000000,0.398763,0.407465,0.426388,0.443767,0.409091,1.750000
1076.000000,0.400575,0.407408,0.423547,0.440876,0.410673,0.699000
1077.000000,0.402819,0.405639,0.419174,0.437745,0.401036,0.800000
1078.000000,0.403107,0.403251,0.414499,0.434666,0.399310,0.630000
1079.000000,0.406214,0.401798,0.411529,0.431837,0.410961,1.130000
1080.000000,0.406933,0.402848,0.409127,0.430054,0.412687,0.865000
1081.000000,0.409177,0.404876,0.408969,0.428730,0.421893,0.995000
1082.000000,0.413867,0.408343,0.409105,0.427393,0.424482,1.025000
1083.000000,0.418527,0.410817,0.409695,0.425964,0.422612,0.520000
1084.000000,0.424137,0.415175,0.411169,0.424755,0.439010,1.520000
1085.000000,0.430322,0.418628,0.413047,0.423801,0.443613,0.800000
1086.000000,0.437140,0.423159,0.415283,0.423418,0.455984,1.270000
1087.000000,0.445138,0.429502,0.417570,0.422617,0.464471,0.760000
1088.000000,0.448360,0.433444,0.418347,0.420814,0.438723,2.270000
1089.000000,0.449597,0.436867,0.419333,0.419975,0.445196,0.790000
1090.000000,0.451467,0.440895,0.421871,0.419716,0.452963,1.620000
1091.000000,0.448993,0.443067,0.423972,0.420335,0.443613,1.110000
1092.000000,0.441743,0.443441,0.425892,0.420550,0.428222,2.760000
1093.000000,0.439212,0.443786,0.427301,0.421059,0.426064,0.610000
1094.000000,0.428999,0.439298,0.427237,0.420546,0.394131,2.690000
1095.000000,0.417146,0.434307,0.426467,0.420133,0.393700,2.130000
1096.000000,0.404430,0.426712,0.424935,0.419093,0.380035,1.470000
1097.000000,0.392002,0.416873,0.423188,0.417338,0.366082,1.670000
1098.000000,0.378797,0.409005,0.421224,0.415233,0.360040,0.560000
1099.000000,0.368268,0.398633,0.417750,0.412433,0.341484,1.480000
1100.000000,0.357911,0.387529,0.414212,0.410424,0.341916,1.170000
1101.000000,0.345512,0.374971,0.409019,0.407638,0.318038,2.060000
1102.000000,0.334264,0.363133,0.403287,0.404972,0.309839,0.780000
1103.000000,0.326640,0.352719,0.398252,0.402441,0.321922,1.400000
1104.000000,0.326381,0.347325,0.393311,0.400599,0.340190,1.840000
1105.000000,0.322382,0.340147,0.387227,0.397694,0.321922,1.680000
1106.000000,0.323015,0.334264,0.380488,0.394711,0.321203,0.570000
1107.000000,0.325432,0.329848,0.373360,0.392074,0.321922,0.840000
1108.000000,0.324482,0.325561,0.367283,0.389336,0.317175,0.960000
1109.000000,0.320771,0.323576,0.361105,0.386359,0.321634,0.900000
1110.000000,0.322238,0.322310,0.354919,0.383578,0.329258,0.970000
1111.000000,0.324166,0.323590,0.349281,0.380543,0.330840,1.110000
1112.000000,0.325662,0.325547,0.344340,0.377373,0.329402,1.195900
1113.000000,0.323907,0.324194,0.338457,0.373566,0.308400,1.610300
1114.000000,0.321807,0.321289,0.334307,0.369304,0.311133,0.990000
1115.000000,0.318613,0.320426,0.330286,0.364960,0.313291,0.950000
1116.000000,0.314902,0.319534,0.326899,0.360170,0.312284,0.649900
1117.000000,0.311162,0.318412,0.324130,0.355044,0.310702,1.260000
1118.000000,0.313665,0.318786,0.322173,0.351117,0.320915,1.960000
1119.000000,0.317779,0.319793,0.321684,0.347334,0.331703,3.273200
1120.000000,0.325316,0.321965,0.322138,0.343935,0.350978,1.475000
1121.000000,0.329574,0.322238,0.322914,0.340267,0.333573,1.727000
1122.000000,0.330322,0.320742,0.323144,0.336474,0.314442,1.999900
1123.000000,0.331041,0.322353,0.323274,0.333089,0.324511,1.100000
1124.000000,0.326899,0.322339,0.321814,0.330317,0.310990,1.190000
1125.000000,0.319707,0.322512,0.321469,0.327695,0.315017,0.650100
1126.000000,0.319189,0.324381,0.321958,0.326060,0.330984,1.430000
1127.000000,0.326036,0.328179,0.323295,0.325479,0.348677,1.570000
1128.000000,0.340736,0.335889,0.327337,0.326745,0.398015,5.080000
1129.000000,0.351784,0.339341,0.329567,0.327570,0.366226,2.860000
1130.000000,0.363550,0.341628,0.331797,0.328634,0.373849,0.780000
1131.000000,0.373446,0.346318,0.334278,0.330715,0.380466,1.100000
1132.000000,0.382163,0.354100,0.337421,0.333463,0.392261,1.120000
1133.000000,0.382307,0.361522,0.341938,0.336023,0.398734,0.940000
1134.000000,0.389154,0.370469,0.346404,0.338032,0.400460,0.950000
1135.000000,0.392606,0.378078,0.350295,0.340339,0.391110,0.740000
1136.000000,0.398820,0.386133,0.355257,0.343350,0.411536,1.530000
1137.000000,0.402675,0.392419,0.360299,0.346337,0.411536,1.250000
1138.000000,0.404056,0.393182,0.364535,0.349286,0.405639,1.280000
1139.000000,0.409062,0.399108,0.369225,0.352747,0.425489,1.425000
1140.000000,0.421605,0.407106,0.374367,0.356900,0.453826,2.370000
1141.000000,0.431041,0.414931,0.380624,0.361162,0.458717,1.450000
1142.000000,0.439241,0.420958,0.387529,0.365267,0.452532,1.110000
1143.000000,0.448446,0.426251,0.393887,0.370042,0.451669,0.895000
1144.000000,0.457221,0.433142,0.401805,0.375316,0.469361,1.470000
1145.000000,0.460242,0.440923,0.409501,0.380504,0.468930,1.270000
1146.000000,0.461594,0.446318,0.416226,0.385611,0.465478,1.210000
1147.000000,0.464384,0.451812,0.422116,0.390804,0.466484,1.050000
1148.000000,0.468843,0.458645,0.425913,0.395905,0.473964,1.595000
1149.000000,0.469045,0.463133,0.431121,0.400527,0.470368,0.985000
1150.000000,0.469937,0.465089,0.436098,0.404608,0.473389,0.890000
1151.000000,0.470627,0.466110,0.440521,0.409120,0.468930,0.930000
1152.000000,0.465880,0.465132,0.443045,0.413397,0.442750,2.000000
1153.000000,0.462428,0.465636,0.445944,0.417803,0.456703,1.540000
1154.000000,0.457365,0.463205,0.448173,0.422272,0.445052,1.340000
1155.000000,0.451611,0.460774,0.450849,0.426592,0.444620,0.690000
1156.000000,0.450489,0.460558,0.453438,0.431003,0.463320,1.870000
1157.000000,0.457998,0.461939,0.456876,0.435390,0.480293,1.340000
1158.000000,0.453222,0.457825,0.458235,0.436551,0.432825,3.590000
1159.000000,0.457250,0.457307,0.460220,0.439849,0.465190,2.690000
1160.000000,0.461220,0.456415,0.460752,0.442870,0.464471,1.200000
1161.000000,0.468642,0.459566,0.462838,0.446869,0.500432,2.510000
1162.000000,0.473101,0.465549,0.465341,0.450547,0.502589,0.800000
1163.000000,0.487227,0.470224,0.467930,0.454037,0.503452,0.970000
1164.000000,0.491858,0.474554,0.468879,0.456967,0.488349,1.740000
1165.000000,0.494189,0.477704,0.469239,0.459801,0.476122,1.240000
1166.000000,0.486939,0.477791,0.469174,0.461555,0.464183,0.970000
1167.000000,0.479344,0.476223,0.469081,0.463325,0.464614,0.920000
1168.000000,0.474425,0.480826,0.469325,0.465765,0.478855,1.040000
1169.000000,0.473360,0.482609,0.469958,0.467683,0.483026,0.890000
1170.000000,0.475374,0.484781,0.470598,0.468762,0.486191,0.900000
1171.000000,0.474770,0.480854,0.470210,0.468843,0.461162,2.730000
1172.000000,0.475892,0.477618,0.471584,0.469433,0.470224,0.840000
1173.000000,0.476381,0.475403,0.472814,0.470421,0.481300,1.570000
1174.000000,0.480639,0.476999,0.475777,0.471586,0.504315,1.770000
1175.000000,0.487629,0.481502,0.479603,0.473327,0.521145,1.190000
1176.000000,0.500662,0.487716,0.482753,0.475355,0.526323,2.220000
1177.000000,0.507020,0.491456,0.483839,0.476539,0.502014,1.907200
1178.000000,0.514298,0.495339,0.488083,0.477997,0.517693,1.700000
1179.000000,0.519074,0.499856,0.491233,0.479924,0.528193,1.190000
1180.000000,0.523418,0.505524,0.495152,0.482240,0.542865,1.440000
1181.000000,0.525748,0.513205,0.497030,0.484542,0.537975,1.700000
1182.000000,0.532278,0.519649,0.498633,0.487605,0.534666,0.890000
1183.000000,0.537543,0.525921,0.500662,0.490516,0.544016,1.259000
1184.000000,0.533372,0.526223,0.501611,0.492592,0.507336,2.800000
1185.000000,0.525863,0.524640,0.503071,0.494615,0.505322,1.899900
1186.000000,0.522382,0.524065,0.505890,0.496524,0.520570,1.200000
1187.000000,0.520857,0.526568,0.509012,0.498082,0.527043,0.680000
1188.000000,0.521145,0.529344,0.512342,0.501836,0.545455,1.730000
1189.000000,0.529229,0.531300,0.515578,0.504589,0.547756,1.040000
1190.000000,0.538751,0.532307,0.518915,0.507537,0.552934,0.720200
1191.000000,0.542635,0.532509,0.522857,0.508856,0.539988,1.640000
1192.000000,0.546318,0.533587,0.526618,0.510285,0.545455,1.200000
1193.000000,0.547037,0.534091,0.530006,0.511805,0.549051,0.900000
1194.000000,0.547641,0.538435,0.532329,0.513886,0.550777,1.020000
1195.000000,0.546548,0.542650,0.533645,0.516264,0.547468,0.850000
1196.000000,0.550921,0.546778,0.535421,0.519520,0.561853,1.790000
1197.000000,0.553797,0.550058,0.538313,0.522694,0.559839,1.200000
1198.000000,0.556732,0.551884,0.540614,0.525523,0.563723,0.833000
1199.000000,0.557883,0.552762,0.542031,0.527973,0.556530,1.034000
1200.000000,0.560270,0.553409,0.542858,0.530413,0.559407,0.873400
1201.000000,0.561565,0.556243,0.544376,0.533985,0.568326,0.800000
1202.000000,0.565362,0.559580,0.546584,0.537605,0.578826,0.935000
1203.000000,0.570081,0.563406,0.548749,0.541139,0.587313,0.910000
1204.000000,0.577330,0.567606,0.553021,0.544088,0.592779,0.870000
1205.000000,0.584148,0.572209,0.557430,0.546500,0.593498,1.040000
1206.000000,0.589154,0.575360,0.561069,0.548734,0.593354,0.640000
1207.000000,0.591945,0.578654,0.564356,0.551760,0.592779,1.040000
1208.000000,0.593211,0.581646,0.566765,0.554291,0.593642,0.800000
1209.000000,0.593009,0.585170,0.568966,0.556411,0.591772,0.700000
1210.000000,0.592837,0.588493,0.570951,0.558070,0.592635,0.580000
1211.000000,0.592117,0.590636,0.573439,0.559796,0.589758,0.500000
1212.000000,0.592261,0.592103,0.575841,0.561757,0.593498,0.590000
1213.000000,0.591858,0.592535,0.577970,0.563344,0.591628,0.810000
1214.000000,0.592290,0.592650,0.580128,0.566230,0.593930,1.140000
1215.000000,0.592463,0.592650,0.582430,0.569170,0.593498,0.550000
1216.000000,0.593728,0.592923,0.584141,0.571687,0.596087,1.403200
1217.000000,0.593700,0.592980,0.585817,0.573897,0.593354,0.540000
1218.000000,0.593757,0.592808,0.587227,0.575446,0.591916,0.600000
1219.000000,0.592808,0.592549,0.588859,0.576827,0.589183,0.570000
1220.000000,0.591974,0.592218,0.590355,0.578040,0.589327,0.555000
1221.000000,0.591916,0.592822,0.591729,0.579900,0.595800,1.170000
1222.000000,0.574396,0.584048,0.588075,0.578577,0.505754,7.790000
1223.000000,0.557638,0.575698,0.584116,0.577213,0.508127,1.420000
1224.000000,0.537327,0.565068,0.578859,0.575108,0.487629,1.830000
1225.000000,0.515722,0.553848,0.573249,0.572902,0.481300,3.130000
1226.000000,0.492419,0.542168,0.567545,0.570150,0.479287,1.130000
1227.000000,0.484940,0.529668,0.561324,0.567101,0.468354,0.980900
1228.000000,0.479430,0.518534,0.555671,0.564329,0.480581,1.980000
1229.000000,0.480667,0.508997,0.550773,0.562239,0.493815,1.040000
1230.000000,0.485127,0.500424,0.546321,0.560378,0.503596,1.000000
1231.000000,0.492319,0.492369,0.542596,0.558609,0.515247,1.515000
1232.000000,0.501812,0.493376,0.538712,0.556509,0.515823,0.595000
1233.000000,0.505725,0.492578,0.534138,0.553603,0.500144,1.320000
1234.000000,0.507106,0.493887,0.529477,0.550535,0.500719,0.830000
1235.000000,0.508516,0.496821,0.525334,0.547773,0.510644,0.860000
1236.000000,0.510012,0.501165,0.521666,0.545419,0.522727,1.020000
1237.000000,0.515708,0.508760,0.519214,0.543803,0.544304,1.720000
1238.000000,0.525288,0.515506,0.517020,0.542283,0.548044,1.320000
1239.000000,0.540305,0.523705,0.516351,0.541751,0.575806,2.090000
1240.000000,0.552474,0.530495,0.515460,0.541046,0.571490,1.826000
1241.000000,0.560961,0.535486,0.513928,0.540226,0.565161,1.570000
1242.000000,0.565765,0.540736,0.517056,0.539387,0.568326,0.900000
1243.000000,0.573475,0.549381,0.520980,0.539219,0.586594,2.080000
1244.000000,0.575000,0.557652,0.525770,0.538869,0.583429,0.950000
1245.000000,-1234.000000,-1234.000000,-1234.000000,-1234.000000,-1234.000000,-1234.000000
