0.000000,0.510804,0.512647,0.499929,0.495086,0.530660,1.600000
1.000000,0.512867,0.513899,0.502187,0.496598,0.524625,0.580000
2.000000,0.516566,0.515495,0.504435,0.498220,0.525988,0.360000
3.000000,0.521043,0.515184,0.506138,0.499459,0.518980,0.787300
4.000000,0.523340,0.515418,0.507774,0.500407,0.516449,0.608400
5.000000,0.521316,0.516060,0.509623,0.501633,0.520537,0.450000
6.000000,0.517968,0.515418,0.510655,0.502321,0.507884,0.840000
7.000000,0.514074,0.515320,0.511793,0.502658,0.506521,0.610000
8.000000,0.510648,0.515846,0.512562,0.502840,0.501849,0.640000
9.000000,0.509753,0.516547,0.513575,0.503696,0.511972,0.730000
10.000000,0.506054,0.513685,0.513166,0.504514,0.502044,0.540000
11.000000,0.506716,0.512342,0.513120,0.505572,0.511193,0.610000
12.000000,0.507105,0.510590,0.513043,0.506487,0.508468,0.353400
13.000000,0.509052,0.509850,0.512517,0.507376,0.511583,0.590000
14.000000,0.507845,0.508799,0.512108,0.508115,0.505937,0.430000
15.000000,0.510687,0.508371,0.512215,0.509206,0.516255,0.580000
16.000000,0.510220,0.508468,0.511943,0.509926,0.508857,0.710000
17.000000,0.511154,0.509130,0.512225,0.510906,0.513140,0.426000
18.000000,0.509909,0.509480,0.512663,0.511535,0.505353,0.860000
19.000000,0.509013,0.508429,0.512488,0.511859,0.501460,0.570000
20.000000,0.501810,0.506249,0.509967,0.510860,0.480241,1.650000
21.000000,0.498073,0.504146,0.508244,0.510129,0.490169,0.780000
22.000000,0.490831,0.500993,0.505791,0.509026,0.476932,0.760000
23.000000,0.485770,0.497839,0.503845,0.507624,0.480047,0.380000
24.000000,0.481760,0.495386,0.502093,0.506534,0.481409,0.450000
25.000000,0.481526,0.491668,0.500019,0.505366,0.479073,0.430000
26.000000,0.481448,0.489761,0.499114,0.504549,0.489780,0.960000
27.000000,0.483356,0.487094,0.498112,0.503848,0.486471,0.270000
28.000000,0.486276,0.486023,0.497752,0.503783,0.494647,0.640000
29.000000,0.490442,0.486101,0.497265,0.503692,0.502239,0.460000
30.000000,0.495698,0.488612,0.497430,0.502849,0.505353,0.467800
31.000000,0.499046,0.490247,0.497197,0.502245,0.506521,0.290000
32.000000,0.505314,0.494335,0.497664,0.501973,0.517812,0.620000
33.000000,0.507339,0.496807,0.497323,0.501499,0.504769,1.020000
34.000000,0.504925,0.497683,0.496535,0.500623,0.490169,2.730000
35.000000,0.503095,0.499397,0.495532,0.499812,0.496204,0.800400
36.000000,0.499513,0.499280,0.494520,0.499169,0.488612,0.709900
37.000000,0.493479,0.499397,0.493245,0.498540,0.487639,0.440000
38.000000,0.490442,0.498890,0.492457,0.498131,0.489585,0.600000
39.000000,0.489001,0.496963,0.491532,0.497164,0.482967,0.340000
40.000000,0.484843,0.493969,0.491291,0.496277,0.475414,0.780000
41.000000,0.482352,0.490932,0.490590,0.495109,0.476153,0.290000
42.000000,0.479977,0.486728,0.490531,0.494019,0.475764,0.560000
43.000000,0.478108,0.484275,0.490541,0.492974,0.480241,0.580000
44.000000,0.478575,0.483788,0.490736,0.492286,0.485303,0.450000
45.000000,0.481137,0.482990,0.491193,0.491352,0.488223,0.540000
46.000000,0.482538,0.482445,0.490862,0.490495,0.483161,0.520000
47.000000,0.486042,0.483010,0.491203,0.489833,0.493284,0.900000
48.000000,0.493167,0.485638,0.492264,0.490184,0.515865,1.550000
49.000000,0.499903,0.489239,0.493101,0.490768,0.518980,0.460000
50.000000,0.507222,0.494179,0.494074,0.492254,0.524820,0.570000
51.000000,0.514464,0.498501,0.494717,0.493227,0.519369,0.430000
52.000000,0.519097,0.502570,0.494649,0.494544,0.516449,0.499900
53.000000,0.519447,0.506307,0.495291,0.495797,0.517617,0.349000
54.000000,0.518357,0.509130,0.496459,0.496867,0.513529,0.365000
55.000000,0.515787,0.511505,0.497247,0.497964,0.511972,0.310000
56.000000,0.514736,0.514600,0.498522,0.498775,0.514113,0.459900
57.000000,0.512673,0.515885,0.499447,0.499430,0.506132,0.670000
58.000000,0.510960,0.515203,0.500420,0.499910,0.509052,0.510000
59.000000,0.512867,0.515612,0.502426,0.500605,0.523068,0.890000
60.000000,0.514619,0.515203,0.504691,0.501117,0.520732,0.670000
61.000000,0.514931,0.514834,0.506667,0.501422,0.515671,0.740000
62.000000,0.514386,0.513529,0.508049,0.500942,0.503407,0.780000
63.000000,0.515203,0.513082,0.509694,0.501221,0.513140,0.560000
64.000000,0.510454,0.511661,0.510395,0.501526,0.499319,0.960000
65.000000,0.507378,0.510999,0.511252,0.501831,0.505353,0.730000
66.000000,0.504224,0.509578,0.512089,0.502208,0.499903,0.510000
67.000000,0.507300,0.510843,0.513364,0.503246,0.518785,1.200000
68.000000,0.508624,0.511914,0.513558,0.504252,0.519759,0.370000
69.000000,0.510960,0.510707,0.513159,0.505186,0.510999,0.650000
70.000000,0.507417,0.507397,0.511300,0.505593,0.487639,1.250000
71.000000,0.505626,0.504925,0.509879,0.506087,0.490948,0.665000
72.000000,0.499669,0.503485,0.508507,0.506528,0.489001,0.860000
73.000000,0.490559,0.499591,0.506336,0.506327,0.474207,1.288200
74.000000,0.483823,0.497391,0.504526,0.506061,0.477321,0.440000
75.000000,0.480709,0.494063,0.502531,0.505522,0.472065,0.780000
76.000000,0.477905,0.491766,0.500672,0.505314,0.476932,0.410000
77.000000,0.478840,0.489254,0.500049,0.505327,0.493673,0.970000
78.000000,0.484758,0.487658,0.499786,0.504925,0.503796,0.700000
79.000000,0.489157,0.486490,0.498598,0.504270,0.499319,0.622500
80.000000,0.496671,0.488690,0.498044,0.503764,0.509636,0.810000
81.000000,0.505198,0.491551,0.498238,0.503770,0.519564,0.638800
82.000000,0.507728,0.493284,0.498384,0.503433,0.506327,0.990000
83.000000,0.507806,0.496282,0.497937,0.502985,0.504185,1.110000
84.000000,0.517384,0.503270,0.500331,0.504107,0.547207,2.350000
85.000000,0.522601,0.509636,0.501849,0.504899,0.535721,0.650000
86.000000,0.526650,0.515924,0.503845,0.505756,0.539809,0.540000
87.000000,0.533346,0.520537,0.504896,0.506878,0.539809,0.370000
88.000000,0.540160,0.523983,0.505821,0.507852,0.538252,0.360000
89.000000,0.539731,0.528558,0.507524,0.508585,0.545065,0.540000
90.000000,0.539770,0.531186,0.509938,0.509091,0.535916,0.500000
91.000000,0.540627,0.533638,0.512595,0.510038,0.544092,0.440000
92.000000,0.540977,0.537162,0.515223,0.511310,0.541561,0.270000
93.000000,0.541405,0.540783,0.518532,0.512219,0.540393,0.410000
94.000000,0.540821,0.540276,0.521773,0.513646,0.542145,0.230500
95.000000,0.541873,0.540821,0.525229,0.514840,0.541172,0.570000
96.000000,0.541367,0.540997,0.528460,0.516229,0.541561,0.200000
97.000000,0.539420,0.540199,0.530368,0.516663,0.531828,0.790000
98.000000,0.538485,0.539945,0.531964,0.517196,0.535721,0.670000
99.000000,0.537084,0.538953,0.533755,0.518000,0.535137,0.519800
100.000000,0.535332,0.538602,0.534894,0.519493,0.532412,0.780000
101.000000,0.533346,0.537356,0.535497,0.520849,0.531633,0.460000
102.000000,0.533424,0.536422,0.536792,0.522289,0.532217,0.340000
103.000000,0.531750,0.535118,0.537950,0.524061,0.527351,0.300000
104.000000,0.529842,0.533463,0.536870,0.525670,0.525599,0.410000
105.000000,0.528869,0.532100,0.536461,0.527519,0.527545,0.500000
106.000000,0.526338,0.529842,0.535420,0.528921,0.518980,0.550000
107.000000,0.526222,0.529823,0.535011,0.530186,0.531633,0.950000
108.000000,0.528830,0.530290,0.535118,0.531406,0.540393,0.610000
109.000000,0.532295,0.531069,0.535011,0.532860,0.542924,0.400000
110.000000,0.533502,0.531186,0.534894,0.533658,0.533580,0.590000
111.000000,0.534436,0.530387,0.533872,0.533794,0.523652,0.810000
112.000000,0.532840,0.529531,0.532976,0.534372,0.523652,0.450000
113.000000,0.528363,0.528596,0.531857,0.534832,0.518007,0.515000
114.000000,0.522718,0.527506,0.530485,0.533749,0.514697,0.640000
115.000000,0.519214,0.526358,0.529229,0.533093,0.516060,0.580000
116.000000,0.516644,0.525540,0.527691,0.532126,0.510804,0.430000
117.000000,0.511816,0.522328,0.526076,0.530783,0.499513,0.990000
118.000000,0.508663,0.518513,0.524401,0.529583,0.502239,0.370000
119.000000,0.502784,0.512751,0.521910,0.527591,0.485303,1.040000
120.000000,0.497450,0.508332,0.519759,0.526040,0.489391,0.380000
121.000000,0.492350,0.504497,0.517442,0.524080,0.485303,0.630000
122.000000,0.492311,0.502063,0.515797,0.522672,0.499319,0.720000
123.000000,0.493557,0.501110,0.514853,0.521608,0.508468,0.830000
124.000000,0.499747,0.501265,0.514386,0.520745,0.516255,0.680000
125.000000,0.502122,0.499786,0.513072,0.519415,0.501265,1.010000
126.000000,0.507300,0.499825,0.512682,0.518402,0.511193,0.790000
127.000000,0.510804,0.501557,0.511943,0.517903,0.516839,0.450000
128.000000,0.511505,0.502531,0.510522,0.517111,0.511972,0.749900
129.000000,0.510531,0.505139,0.508945,0.516320,0.511388,0.290000
130.000000,0.513646,0.507884,0.508108,0.515800,0.516839,0.430000
131.000000,0.517150,0.512225,0.508361,0.515703,0.528713,0.640000
132.000000,0.517812,0.514308,0.508186,0.515301,0.520148,0.550000
133.000000,0.518785,0.515145,0.508127,0.514950,0.516839,0.270000
134.000000,0.519953,0.515242,0.508254,0.514671,0.517228,0.320000
135.000000,0.521588,0.517617,0.508702,0.514587,0.525015,0.510000
136.000000,0.522795,0.519973,0.509899,0.515113,0.534748,0.570000
137.000000,0.527039,0.522426,0.511991,0.515437,0.541367,0.510000
138.000000,0.533502,0.526144,0.514337,0.515729,0.549153,0.680000
139.000000,0.540977,0.530465,0.517802,0.516118,0.554604,0.720000
140.000000,0.547245,0.534417,0.521150,0.516878,0.556356,0.265000
141.000000,0.553592,0.538193,0.525209,0.518305,0.566478,0.670000
142.000000,0.558186,0.542612,0.528460,0.519661,0.564337,0.320000
143.000000,0.560794,0.547148,0.531147,0.521134,0.562196,0.350000
144.000000,0.562819,0.551898,0.533570,0.522802,0.564726,0.390000
145.000000,0.566556,0.556901,0.537259,0.524768,0.575044,0.860000
146.000000,0.566946,0.560269,0.540121,0.526689,0.568425,1.180000
147.000000,0.565894,0.562040,0.542233,0.528674,0.559081,0.550000
148.000000,0.563558,0.562176,0.544160,0.530284,0.550516,0.590000
149.000000,0.560989,0.561904,0.546185,0.532503,0.551879,0.610000
150.000000,0.556628,0.561592,0.548005,0.534631,0.553241,0.370000
151.000000,0.554098,0.560522,0.549358,0.536980,0.555772,0.370000
152.000000,0.553631,0.559763,0.551187,0.538894,0.556745,0.569900
153.000000,0.555889,0.559724,0.553436,0.540672,0.561807,0.350000
154.000000,0.556667,0.558828,0.555363,0.541989,0.555772,0.430000
155.000000,0.557329,0.556979,0.556940,0.543832,0.556551,0.345000
156.000000,0.554954,0.554526,0.557397,0.544922,0.543897,0.690000
157.000000,0.552774,0.553202,0.557621,0.545889,0.545844,0.524000
158.000000,0.549153,0.552521,0.557349,0.546947,0.543703,0.374600
159.000000,0.549504,0.553085,0.557495,0.548485,0.557524,0.720000
160.000000,0.547401,0.552365,0.556979,0.549458,0.546039,0.800000
161.000000,0.549075,0.552015,0.556268,0.550243,0.552268,0.380000
162.000000,0.551450,0.552112,0.555937,0.551496,0.557719,0.744900
163.000000,0.554760,0.551956,0.555840,0.552943,0.560249,0.405000
164.000000,0.553864,0.551684,0.555256,0.554137,0.553047,0.850000
165.000000,0.555889,0.551645,0.554312,0.555175,0.556161,0.450000
166.000000,0.558303,0.553689,0.554107,0.556161,0.564337,0.766700
167.000000,0.557524,0.554487,0.553845,0.556576,0.553825,1.259900
168.000000,0.553163,0.553961,0.553241,0.556220,0.538447,1.700000
169.000000,0.551411,0.552638,0.552862,0.555876,0.544287,0.540000
170.000000,0.548569,0.552229,0.552297,0.555395,0.541951,0.260000
171.000000,0.543157,0.550730,0.551372,0.554422,0.537279,0.835200
172.000000,0.540821,0.549173,0.550642,0.553682,0.542145,0.330000
173.000000,0.544092,0.548628,0.550292,0.553436,0.554799,1.120000
174.000000,0.546272,0.548842,0.550263,0.553118,0.555188,0.430000
175.000000,0.548959,0.548764,0.550204,0.552463,0.555383,0.420000
176.000000,0.551080,0.547119,0.550404,0.551778,0.547888,0.890000
177.000000,0.551275,0.546048,0.550268,0.551246,0.543119,0.720000
178.000000,0.551587,0.547839,0.550900,0.551441,0.556356,0.770000
179.000000,0.553300,0.549786,0.551212,0.551836,0.563753,0.790000
180.000000,0.554117,0.551538,0.551883,0.552044,0.559471,0.780000
181.000000,0.555772,0.553426,0.552078,0.552057,0.556161,0.550000
182.000000,0.559081,0.555178,0.552175,0.552154,0.559665,0.650000
183.000000,0.558653,0.555120,0.551874,0.551901,0.554215,0.540000
184.000000,0.558069,0.555684,0.552263,0.552070,0.560833,0.589800
185.000000,0.559237,0.556677,0.552720,0.552362,0.565310,0.380000
186.000000,0.560132,0.557952,0.552536,0.552920,0.560639,0.390000
187.000000,0.560171,0.559626,0.552837,0.553387,0.559860,0.539900
188.000000,0.561612,0.560132,0.553986,0.553978,0.561417,0.290000
189.000000,0.561028,0.559548,0.554667,0.553991,0.557913,0.630000
190.000000,0.558225,0.558731,0.555134,0.554166,0.551295,0.610000
191.000000,0.555928,0.558030,0.555728,0.554062,0.549153,0.487300
192.000000,0.552813,0.556492,0.555835,0.553614,0.544287,0.390000
193.000000,0.547907,0.554760,0.554940,0.552836,0.536889,0.709400
194.000000,0.544325,0.552677,0.554180,0.552401,0.540004,0.390000
195.000000,0.545493,0.551859,0.554268,0.552433,0.557135,0.880000
196.000000,0.548647,0.552287,0.555120,0.552453,0.564921,0.680000
197.000000,0.552891,0.552852,0.556239,0.552842,0.565505,0.440000
198.000000,0.557407,0.552657,0.556395,0.553543,0.559471,0.400000
199.000000,0.560950,0.552638,0.556093,0.553991,0.557719,0.694900
200.000000,0.560872,0.553183,0.555957,0.554484,0.556745,0.530000
201.000000,0.560794,0.554721,0.556375,0.555392,0.564532,0.460600
202.000000,0.560483,0.556687,0.556589,0.556119,0.563948,0.370000
203.000000,0.561534,0.559471,0.557115,0.556450,0.564726,0.630000
204.000000,0.562546,0.561748,0.557212,0.556703,0.562780,0.469900
205.000000,0.563948,0.562410,0.557135,0.556982,0.563753,0.210000
206.000000,0.563636,0.562215,0.557251,0.557485,0.562974,0.299900
207.000000,0.563909,0.562196,0.557524,0.558225,0.565310,0.430000
208.000000,0.563987,0.562760,0.557709,0.558517,0.565116,0.330000
209.000000,0.562858,0.562702,0.557670,0.558296,0.557135,0.635000
210.000000,0.558887,0.561417,0.557300,0.557777,0.543897,1.560000
211.000000,0.554409,0.559023,0.556872,0.557258,0.540588,0.760000
212.000000,0.549932,0.556920,0.556804,0.556700,0.542924,0.520000
213.000000,0.545182,0.554584,0.557027,0.556271,0.541367,0.280000
214.000000,0.542379,0.552618,0.557183,0.555681,0.543119,0.630000
215.000000,0.541172,0.550029,0.556220,0.554766,0.537863,0.625000
216.000000,0.542573,0.548491,0.555353,0.554331,0.547596,0.790000
217.000000,0.543741,0.546837,0.554516,0.553961,0.548764,0.500000
218.000000,0.545493,0.545338,0.554049,0.553585,0.550127,0.430000
219.000000,0.548258,0.545318,0.554010,0.553553,0.556940,0.500000
220.000000,0.552268,0.546720,0.554069,0.553773,0.557913,0.289000
221.000000,0.554487,0.548530,0.553777,0.554091,0.558692,0.470000
222.000000,0.555460,0.549601,0.553261,0.554403,0.553631,0.600000
223.000000,0.555577,0.550535,0.552560,0.554863,0.550711,0.547500
224.000000,0.555110,0.551684,0.552151,0.555350,0.554604,0.610000
225.000000,0.556083,0.554176,0.552102,0.555538,0.562780,0.480000
226.000000,0.556161,0.555324,0.551908,0.555344,0.559081,0.390000
227.000000,0.557018,0.556239,0.551538,0.555091,0.557913,0.520000
228.000000,0.559081,0.557329,0.551333,0.555142,0.561028,0.380000
229.000000,0.560600,0.557855,0.551587,0.555292,0.562196,0.670000
230.000000,0.560055,0.558069,0.552394,0.555402,0.560055,0.370000
231.000000,0.559860,0.558011,0.553270,0.555188,0.558108,0.470000
232.000000,0.558030,0.557524,0.553562,0.554682,0.548764,0.890000
233.000000,0.554253,0.556667,0.553601,0.553929,0.542145,0.520000
234.000000,0.549932,0.555266,0.553475,0.553189,0.540588,0.508000
235.000000,0.546700,0.553377,0.553777,0.552527,0.543897,0.620000
236.000000,0.543975,0.551917,0.553621,0.551911,0.544481,0.665000
237.000000,0.543469,0.550749,0.553494,0.551275,0.546233,0.354000
238.000000,0.544442,0.549348,0.553339,0.550672,0.547012,0.398300
239.000000,0.546428,0.548180,0.553017,0.550451,0.550516,0.380000
240.000000,0.548530,0.547615,0.552842,0.550801,0.554409,0.420000
241.000000,0.550827,0.547401,0.552706,0.551314,0.555967,0.300000
242.000000,0.552338,0.547903,0.552714,0.551676,0.553786,0.240000
243.000000,0.555219,0.549831,0.553249,0.552344,0.561417,0.510000
244.000000,0.556854,0.551641,0.553453,0.552864,0.558692,0.200000
245.000000,0.559073,0.553802,0.553590,0.553785,0.565505,0.640000
246.000000,0.561526,0.556177,0.554047,0.554473,0.568230,0.270000
247.000000,0.564688,0.558513,0.554631,0.555167,0.569593,0.310000
248.000000,0.568464,0.561842,0.555595,0.556173,0.580300,0.650000
249.000000,0.573253,0.565054,0.556617,0.557029,0.582636,0.230000
250.000000,0.576017,0.567545,0.557580,0.557743,0.579326,0.295000
251.000000,0.578898,0.570212,0.558807,0.558541,0.582636,0.860000
252.000000,0.579794,0.572241,0.560072,0.559223,0.574070,0.850000
253.000000,0.580261,0.574362,0.562097,0.560287,0.582636,0.710000
254.000000,0.579677,0.576465,0.564053,0.561124,0.579716,0.585000
255.000000,0.579794,0.577905,0.565854,0.561695,0.579910,0.760000
256.000000,0.579288,0.579093,0.567635,0.562396,0.580105,0.550000
257.000000,0.580144,0.579969,0.569241,0.563077,0.578353,0.490000
258.000000,0.579638,0.579949,0.570895,0.563713,0.580105,0.370000
259.000000,0.579015,0.579346,0.572200,0.564193,0.576601,0.399900
260.000000,0.579794,0.579794,0.573669,0.564985,0.583804,0.850000
261.000000,0.580650,0.579969,0.575091,0.565861,0.584388,0.385000
262.000000,0.582908,0.581526,0.576883,0.567223,0.589644,0.520000
263.000000,0.584777,0.582208,0.578285,0.568800,0.589449,0.210000
264.000000,0.588242,0.583629,0.580047,0.570578,0.593926,0.309000
265.000000,0.592174,0.585984,0.581945,0.572564,0.603465,0.560000
266.000000,0.596029,0.588339,0.583716,0.574536,0.603660,0.470000
267.000000,0.596379,0.589644,0.584806,0.576042,0.591396,0.680000
268.000000,0.595017,0.589897,0.584923,0.577229,0.582636,0.750000
269.000000,0.593187,0.590714,0.585030,0.578371,0.584777,0.450000
270.000000,0.587191,0.589683,0.584738,0.579007,0.573486,1.010000
271.000000,0.580572,0.588301,0.584135,0.579494,0.570566,0.360000
272.000000,0.575589,0.585984,0.583755,0.579917,0.566478,0.750000
273.000000,0.566595,0.580806,0.581507,0.579125,0.537668,1.590000
274.000000,0.559198,0.576192,0.579910,0.578762,0.547791,0.700000
275.000000,0.552112,0.569652,0.577818,0.577847,0.538057,0.710000
276.000000,0.547284,0.563928,0.576134,0.577120,0.546428,0.530000
277.000000,0.544676,0.560132,0.574888,0.576582,0.553436,0.485000
278.000000,0.546506,0.556551,0.573224,0.575466,0.546817,0.530000
279.000000,0.547323,0.553261,0.571988,0.574440,0.551879,0.719900
280.000000,0.549153,0.550633,0.570158,0.573370,0.547207,0.540000
281.000000,0.551256,0.549270,0.568785,0.572513,0.556940,0.980000
282.000000,0.551645,0.548160,0.567072,0.571890,0.555383,0.610000
283.000000,0.556551,0.551528,0.566167,0.571514,0.571345,0.930000
284.000000,0.557641,0.552482,0.564337,0.570768,0.557329,1.200000
285.000000,0.557135,0.553144,0.561398,0.569593,0.544676,1.050000
286.000000,0.554020,0.552638,0.558283,0.568302,0.541367,0.580000
287.000000,0.552385,0.552015,0.556074,0.567264,0.547207,0.670000
288.000000,0.550321,0.553436,0.554993,0.566628,0.561028,1.430000
289.000000,0.550866,0.554253,0.553757,0.566076,0.560055,0.730000
290.000000,0.555616,0.556375,0.553504,0.565564,0.568425,0.760000
291.000000,0.561300,0.557660,0.553465,0.565077,0.569788,0.480000
292.000000,0.566401,0.559393,0.553777,0.564512,0.572708,0.690000
293.000000,0.571189,0.560755,0.556142,0.564363,0.584972,1.062500
294.000000,0.574771,0.562819,0.557650,0.563831,0.577964,0.470000
295.000000,0.576445,0.566031,0.559587,0.562942,0.576796,0.299900
296.000000,0.578820,0.570060,0.561349,0.562209,0.581662,0.540000
297.000000,0.580339,0.573370,0.562692,0.561839,0.580300,0.340000
298.000000,0.578236,0.574713,0.564074,0.561566,0.574460,0.520000
299.000000,0.577808,0.576290,0.565272,0.561268,0.575822,0.310000
300.000000,0.576251,0.576348,0.566362,0.561119,0.569009,0.600000
301.000000,0.573409,0.576114,0.566887,0.561015,0.567452,0.535000
302.000000,0.570956,0.575647,0.567520,0.561067,0.568036,0.552000
303.000000,0.573486,0.575861,0.568308,0.562715,0.587113,1.060000
304.000000,0.574460,0.576134,0.569476,0.563812,0.580689,0.420000
305.000000,0.577847,0.577049,0.571540,0.565408,0.585945,0.502500
306.000000,0.581273,0.577341,0.573701,0.566680,0.584582,0.540000
307.000000,0.583453,0.577205,0.575287,0.567530,0.578937,1.060000
308.000000,0.582792,0.578139,0.576426,0.568763,0.583804,0.389000
309.000000,0.582830,0.578645,0.577467,0.569729,0.580884,0.520000
310.000000,0.579599,0.578723,0.577536,0.570482,0.569788,0.720000
311.000000,0.575939,0.578606,0.577360,0.570794,0.566284,0.688000
312.000000,0.574654,0.579054,0.577351,0.571365,0.572513,0.370000
313.000000,0.575277,0.579034,0.577448,0.571884,0.586918,0.900000
314.000000,0.577652,0.580241,0.578188,0.573065,0.592758,0.500000
315.000000,0.574810,0.577205,0.577127,0.573428,0.555577,2.040000
316.000000,0.570605,0.573272,0.575307,0.573558,0.545260,0.780000
317.000000,0.567257,0.570956,0.574080,0.573843,0.555772,0.840000
318.000000,0.561067,0.568172,0.573156,0.573675,0.555967,0.710000
319.000000,0.557524,0.567588,0.573117,0.574174,0.575044,1.080000
320.000000,0.558575,0.566693,0.572708,0.573921,0.560833,0.940000
321.000000,0.561145,0.565875,0.572241,0.573532,0.558108,0.910000
322.000000,0.562546,0.564902,0.571978,0.573201,0.562780,0.770000
323.000000,0.565622,0.563344,0.571189,0.572747,0.571345,0.850000
324.000000,0.565427,0.561476,0.570858,0.572617,0.574070,0.485000
325.000000,0.568698,0.563636,0.570420,0.572630,0.577185,0.620000
326.000000,0.572591,0.566868,0.570070,0.572494,0.577574,0.440000
327.000000,0.576134,0.569340,0.570148,0.572500,0.580494,0.378000
328.000000,0.576990,0.571306,0.569739,0.572539,0.575628,0.390000
329.000000,0.576952,0.571189,0.569389,0.572474,0.573876,0.410000
330.000000,0.575472,0.572085,0.569389,0.572500,0.569788,0.359900
331.000000,0.573214,0.572902,0.569389,0.572461,0.566284,0.910200
332.000000,0.571696,0.573915,0.569408,0.572623,0.572902,0.400000
333.000000,0.572708,0.574849,0.569097,0.572409,0.580689,0.940000
334.000000,0.573409,0.575180,0.568328,0.572299,0.577380,1.780000
335.000000,0.575939,0.575706,0.569671,0.572182,0.582441,0.510000
336.000000,0.579560,0.576387,0.571627,0.572176,0.584388,0.730000
337.000000,0.580845,0.576270,0.572805,0.572189,0.579326,0.550000
338.000000,0.583103,0.577905,0.574606,0.572461,0.591980,0.930000
339.000000,0.586802,0.580105,0.575647,0.572961,0.595873,1.100000
340.000000,0.590228,0.583084,0.577584,0.573954,0.599572,0.540000
341.000000,0.594043,0.586802,0.579852,0.575193,0.603465,0.520000
342.000000,0.597820,0.589332,0.581624,0.576050,0.598209,0.506000
343.000000,0.596262,0.589683,0.582266,0.575959,0.584193,0.730000
344.000000,0.592992,0.589897,0.582538,0.575517,0.579521,0.450000
345.000000,0.589293,0.589761,0.582733,0.576368,0.581078,0.690000
346.000000,0.585322,0.589683,0.583035,0.577646,0.583609,1.150000
347.000000,0.579404,0.588612,0.582441,0.578074,0.568620,1.110000
348.000000,0.575550,0.585906,0.581906,0.578373,0.564921,0.420000
349.000000,0.574148,0.583570,0.581838,0.578288,0.572513,0.680000
350.000000,0.574032,0.581662,0.582373,0.578944,0.580494,0.510000
351.000000,0.574343,0.579833,0.583317,0.579846,0.585166,0.930000
352.000000,0.576640,0.578022,0.583677,0.580423,0.580105,0.375000
353.000000,0.578781,0.577166,0.583424,0.580566,0.575628,0.790000
354.000000,0.579093,0.576621,0.583259,0.580566,0.574070,0.400000
355.000000,0.577613,0.575822,0.582792,0.580430,0.573097,0.470000
356.000000,0.573759,0.574051,0.581867,0.580040,0.565894,0.630000
357.000000,0.569866,0.573253,0.580932,0.579378,0.560639,0.600000
358.000000,0.568036,0.573409,0.579657,0.579073,0.566478,0.630000
359.000000,0.567335,0.573214,0.578392,0.578963,0.570566,0.619900
360.000000,0.567958,0.572786,0.577224,0.579177,0.576212,0.860000
361.000000,0.569321,0.571540,0.575686,0.579391,0.572708,0.406400
362.000000,0.570995,0.570430,0.574226,0.579262,0.569009,0.520000
363.000000,0.571150,0.569593,0.573379,0.578814,0.567257,0.460000
364.000000,0.571384,0.569360,0.572990,0.578626,0.571734,0.430000
365.000000,0.570644,0.569301,0.572562,0.578295,0.572513,0.300000
366.000000,0.569788,0.569554,0.571803,0.577763,0.568425,0.480000
367.000000,0.570800,0.570897,0.572075,0.577587,0.574070,0.510000
368.000000,0.573292,0.572221,0.572815,0.577179,0.579716,0.510000
369.000000,0.573097,0.572241,0.572727,0.576342,0.570761,0.570000
370.000000,0.572396,0.571520,0.572153,0.575323,0.569009,0.270000
371.000000,0.572202,0.570995,0.571267,0.574122,0.567452,0.550000
372.000000,0.571228,0.571014,0.570722,0.573156,0.569204,0.540000
373.000000,0.568542,0.570917,0.570255,0.572559,0.566284,0.320000
374.000000,0.568737,0.570917,0.570138,0.572299,0.571734,0.585000
375.000000,0.569866,0.571131,0.570216,0.572085,0.574654,0.627500
376.000000,0.572241,0.572221,0.570888,0.571942,0.579326,0.580000
377.000000,0.572902,0.572065,0.571481,0.572072,0.572513,0.565000
378.000000,0.575005,0.571773,0.571997,0.572468,0.576796,0.270000
379.000000,0.575277,0.572007,0.572124,0.572487,0.573097,0.340000
380.000000,0.574109,0.571988,0.571754,0.572098,0.568814,0.460000
381.000000,0.572163,0.572202,0.571598,0.571579,0.569593,0.350000
382.000000,0.569710,0.571306,0.571160,0.570917,0.560249,1.020000
383.000000,0.566673,0.570839,0.570878,0.570450,0.561612,0.650000
384.000000,0.565972,0.570625,0.570771,0.570300,0.569593,0.530000
385.000000,0.562001,0.568055,0.569593,0.569496,0.548959,1.777500
386.000000,0.558653,0.565408,0.568814,0.569061,0.552852,0.450000
387.000000,0.556979,0.563344,0.567705,0.568769,0.551879,0.270000
388.000000,0.557680,0.562176,0.566975,0.568724,0.565116,0.770000
389.000000,0.556395,0.561184,0.566595,0.568477,0.563169,0.390000
390.000000,0.560561,0.561281,0.566634,0.568263,0.569788,0.500000
391.000000,0.565194,0.561923,0.567062,0.568373,0.576017,0.600000
392.000000,0.569788,0.563383,0.567345,0.568568,0.574849,0.440000
393.000000,0.570021,0.563850,0.567345,0.568535,0.566284,0.520000
394.000000,0.570839,0.563617,0.567121,0.568386,0.567257,0.510000
395.000000,0.570761,0.565661,0.566858,0.568282,0.569398,0.349900
396.000000,0.570099,0.567646,0.566527,0.568425,0.572708,0.300000
397.000000,0.560249,0.565018,0.564181,0.566809,0.525599,2.785000
398.000000,0.552229,0.561125,0.561651,0.565025,0.526183,0.710000
399.000000,0.543819,0.557329,0.559256,0.563507,0.525209,0.570000
400.000000,0.536967,0.553864,0.557573,0.562378,0.535137,0.655000
401.000000,0.531049,0.550574,0.556249,0.561566,0.543119,0.870000
402.000000,0.534242,0.547245,0.555314,0.560645,0.541561,0.340000
403.000000,0.537824,0.545026,0.554438,0.559905,0.544092,1.340000
404.000000,0.542612,0.543216,0.553416,0.559153,0.549153,1.194800
405.000000,0.545065,0.541016,0.553339,0.558244,0.547401,0.330000
406.000000,0.545571,0.538310,0.552978,0.557122,0.545649,0.380000
407.000000,0.547207,0.540724,0.552871,0.556362,0.549737,0.340000
408.000000,0.547557,0.542690,0.551908,0.555331,0.545844,0.790000
409.000000,0.549036,0.545824,0.551577,0.554779,0.556551,0.550000
410.000000,0.551139,0.548102,0.550983,0.554416,0.557913,0.290000
411.000000,0.553085,0.549328,0.549951,0.553942,0.555383,0.370000
412.000000,0.554837,0.551022,0.549134,0.553884,0.558497,0.420000
413.000000,0.557018,0.552287,0.548657,0.553721,0.556745,0.320000
414.000000,0.556628,0.552832,0.548024,0.553222,0.554604,0.700000
415.000000,0.557757,0.554448,0.547732,0.553708,0.563558,0.845700
416.000000,0.559393,0.556239,0.547275,0.554065,0.563558,0.310000
417.000000,0.559432,0.557135,0.548929,0.554292,0.558692,0.400000
418.000000,0.560911,0.558964,0.550827,0.554260,0.564142,0.420000
419.000000,0.565310,0.560969,0.553397,0.554708,0.576601,0.820000
420.000000,0.566206,0.561982,0.555042,0.554649,0.568036,0.530000
421.000000,0.567919,0.563656,0.556492,0.554519,0.572124,0.380000
422.000000,0.570294,0.564863,0.557942,0.554377,0.570566,0.170000
423.000000,0.571618,0.566264,0.559276,0.554526,0.570761,0.170000
424.000000,0.569476,0.567393,0.560113,0.554481,0.565894,0.370000
425.000000,0.570333,0.568269,0.561359,0.554578,0.572318,0.350000
426.000000,0.569671,0.568795,0.562517,0.554448,0.568814,0.380000
427.000000,0.568931,0.569613,0.563374,0.555824,0.566868,0.340000
428.000000,0.567530,0.569574,0.564269,0.557076,0.563753,0.290000
429.000000,0.566790,0.568133,0.564551,0.558309,0.562196,0.270000
430.000000,0.565038,0.567685,0.564834,0.559256,0.563558,0.356000
431.000000,0.565194,0.567432,0.565544,0.560139,0.569593,0.340000
432.000000,0.564804,0.566868,0.565865,0.560918,0.564921,0.530000
433.000000,0.562429,0.564980,0.565622,0.561177,0.551879,0.960000
434.000000,0.559042,0.562916,0.565155,0.561047,0.545260,0.360000
435.000000,0.555110,0.560074,0.564172,0.560931,0.543897,0.286000
436.000000,0.549036,0.557115,0.562955,0.560716,0.539225,0.400000
437.000000,0.543703,0.554253,0.561933,0.560334,0.538252,0.180000
438.000000,0.540666,0.551548,0.560561,0.560029,0.536695,1.050000
439.000000,0.536539,0.547791,0.557962,0.558964,0.524625,0.944000
440.000000,0.532529,0.543819,0.555752,0.557829,0.523847,0.305000
441.000000,0.530426,0.539731,0.553582,0.556940,0.528713,0.500000
442.000000,0.528713,0.536208,0.551538,0.555979,0.529687,0.540000
443.000000,0.527312,0.533989,0.549484,0.555078,0.529687,0.800000
444.000000,0.526533,0.531536,0.547226,0.553948,0.520732,0.460000
445.000000,0.531283,0.531906,0.545990,0.553416,0.547596,1.650000
446.000000,0.531322,0.530874,0.543995,0.552261,0.528908,1.000000
447.000000,0.529414,0.529064,0.541659,0.550977,0.520148,0.635000
448.000000,0.526961,0.527136,0.539342,0.549419,0.517423,0.500000
449.000000,0.526572,0.526552,0.537172,0.547492,0.518785,0.530000
450.000000,0.521900,0.526591,0.535205,0.546032,0.524236,0.980000
451.000000,0.521900,0.526611,0.533171,0.544592,0.528908,0.800000
452.000000,0.523146,0.526280,0.531244,0.543119,0.526377,0.590000
453.000000,0.525365,0.526163,0.530076,0.541710,0.528519,0.320000
454.000000,0.528558,0.527565,0.529550,0.540672,0.534748,0.618000
455.000000,0.529180,0.525540,0.528723,0.539173,0.527351,0.629900
456.000000,0.530894,0.526397,0.528635,0.538129,0.537473,0.660000
457.000000,0.532957,0.528051,0.528558,0.537123,0.536695,0.570000
458.000000,0.535176,0.530271,0.528704,0.536318,0.539615,0.370000
459.000000,0.538758,0.533658,0.530105,0.536000,0.552657,0.780000
460.000000,0.543430,0.536305,0.531448,0.535572,0.550711,0.590000
461.000000,0.545299,0.538096,0.532354,0.534813,0.546817,1.220000
462.000000,0.547596,0.540276,0.533278,0.534255,0.548180,0.700000
463.000000,0.552852,0.544014,0.535089,0.534722,0.565894,1.300000
464.000000,0.554292,0.546525,0.537045,0.535209,0.559860,0.380000
465.000000,0.559821,0.551625,0.538583,0.536357,0.578353,0.980000
466.000000,0.565661,0.555480,0.540938,0.537584,0.576017,0.490000
467.000000,0.570722,0.559159,0.543605,0.538758,0.573486,0.390000
468.000000,0.573136,0.562994,0.546632,0.540134,0.577964,0.820000
469.000000,0.575978,0.565135,0.549397,0.541782,0.574070,0.559900
470.000000,0.576251,0.568036,0.552171,0.543644,0.579716,0.720000
471.000000,0.579093,0.572377,0.555237,0.545695,0.590228,0.770600
472.000000,0.581857,0.576290,0.558283,0.547615,0.587308,0.389900
473.000000,0.582013,0.577574,0.560794,0.549251,0.578742,0.590000
474.000000,0.581818,0.578898,0.562712,0.550996,0.573097,0.470000
475.000000,0.579560,0.577905,0.564765,0.551690,0.568425,0.570000
476.000000,0.576212,0.577652,0.566566,0.553176,0.573486,0.590000
477.000000,0.573486,0.577672,0.568415,0.554961,0.573681,0.620000
478.000000,0.572280,0.577146,0.570070,0.556804,0.572708,0.400000
479.000000,0.575511,0.578665,0.571900,0.559153,0.589254,0.970000
480.000000,0.579210,0.579385,0.573710,0.561242,0.586918,0.530000
481.000000,0.581779,0.578996,0.575686,0.563156,0.586334,0.575000
482.000000,0.582013,0.577750,0.577020,0.564772,0.574849,0.720000
483.000000,0.584894,0.578587,0.578081,0.566725,0.587113,0.770000
484.000000,0.584816,0.580164,0.579531,0.568529,0.588865,0.730000
485.000000,0.585283,0.582246,0.580076,0.570592,0.589254,0.400000
486.000000,0.586685,0.584232,0.580942,0.572455,0.593342,0.399500
487.000000,0.588047,0.585030,0.581351,0.573954,0.581662,0.860000
488.000000,0.589138,0.587016,0.582081,0.575719,0.592564,1.070000
489.000000,0.585789,0.585303,0.581984,0.576368,0.572124,1.190000
490.000000,0.582363,0.583823,0.581604,0.577081,0.572124,0.800000
491.000000,0.576173,0.581429,0.580212,0.577600,0.562391,0.730000
492.000000,0.571267,0.579657,0.578704,0.577899,0.557135,0.640000
493.000000,0.565116,0.577127,0.577857,0.577763,0.561807,1.120000
494.000000,0.566634,0.576212,0.578188,0.578425,0.579716,1.140000
495.000000,0.567841,0.575102,0.578674,0.578418,0.578158,0.520000
496.000000,0.570800,0.573486,0.578859,0.578457,0.577185,1.040000
497.000000,0.577419,0.574343,0.579687,0.579015,0.590228,0.790000
498.000000,0.584582,0.574849,0.580932,0.579670,0.597625,1.080000
499.000000,0.587464,0.577049,0.581176,0.580339,0.594121,0.475000
500.000000,0.590812,0.579326,0.581575,0.580845,0.594900,0.300000
501.000000,0.593226,0.582013,0.581721,0.580812,0.589254,0.560000
502.000000,0.593342,0.585381,0.582519,0.580929,0.590812,0.330000
503.000000,0.591513,0.588047,0.582587,0.581254,0.588476,0.540000
504.000000,0.589488,0.588476,0.582344,0.581617,0.583998,0.819900
505.000000,0.587386,0.589099,0.582100,0.582149,0.584388,0.760000
506.000000,0.585089,0.589157,0.581322,0.582292,0.577769,0.720000
507.000000,0.586957,0.590150,0.582246,0.583174,0.600156,1.410000
508.000000,0.590306,0.590909,0.582879,0.584258,0.605217,0.655000
509.000000,0.593226,0.591357,0.584203,0.584569,0.598598,0.550000
510.000000,0.595756,0.591571,0.585449,0.584907,0.597041,0.790000
511.000000,0.602141,0.593615,0.587814,0.585686,0.609694,1.110000
512.000000,0.604672,0.595815,0.590598,0.586951,0.612809,0.810000
513.000000,0.602920,0.596613,0.592330,0.587262,0.596457,1.400000
514.000000,0.605918,0.599572,0.594024,0.588086,0.613588,1.040000
515.000000,0.609461,0.602609,0.595854,0.588936,0.614756,0.990000
516.000000,0.609889,0.606015,0.597586,0.589553,0.611836,0.520000
517.000000,0.610239,0.607456,0.598803,0.590650,0.614561,0.350000
518.000000,0.615145,0.609033,0.599971,0.591597,0.620985,0.500000
519.000000,0.616508,0.611213,0.601285,0.593206,0.620401,0.410000
520.000000,0.616274,0.612867,0.602219,0.594588,0.613588,0.490000
521.000000,0.617715,0.613802,0.603708,0.596477,0.619038,0.940000
522.000000,0.620518,0.615379,0.605597,0.598858,0.628577,0.850000
523.000000,0.622971,0.619058,0.607835,0.601239,0.633249,0.959600
524.000000,0.625423,0.620966,0.610269,0.603004,0.632665,1.020000
525.000000,0.633366,0.624820,0.613714,0.605509,0.653300,1.220000
526.000000,0.640296,0.629005,0.617510,0.608059,0.653689,0.480000
527.000000,0.646953,0.633736,0.620596,0.610447,0.661865,0.638000
528.000000,0.652949,0.637960,0.623496,0.612634,0.663228,0.530000
529.000000,0.658906,0.642165,0.626689,0.614911,0.662449,0.750000
530.000000,0.661437,0.647401,0.630134,0.617280,0.665953,0.410000
531.000000,0.663889,0.652093,0.632947,0.619836,0.665953,0.790000
532.000000,0.666537,0.656745,0.636062,0.622646,0.675102,0.850000
533.000000,0.669068,0.661008,0.640033,0.625560,0.675881,0.420000
534.000000,0.672221,0.665564,0.643265,0.628700,0.678217,0.514000
535.000000,0.675569,0.668503,0.646661,0.631977,0.682694,0.589900
536.000000,0.673467,0.668678,0.648842,0.634566,0.655441,1.590000
537.000000,0.669223,0.667880,0.650808,0.636357,0.653884,0.550000
538.000000,0.664590,0.666829,0.652394,0.637940,0.652716,0.435000
539.000000,0.658478,0.665349,0.653757,0.639576,0.647654,0.520000
540.000000,0.650496,0.663033,0.655217,0.641101,0.642788,0.670000
541.000000,0.647304,0.660385,0.656239,0.642093,0.639478,0.450000
542.000000,0.645396,0.657310,0.657027,0.643145,0.644345,0.430000
543.000000,0.644812,0.654701,0.657855,0.644922,0.649796,0.439900
544.000000,0.644734,0.651606,0.658585,0.646045,0.647265,0.390000
545.000000,0.644656,0.647576,0.658040,0.646966,0.642398,0.580000
546.000000,0.644695,0.646000,0.657339,0.647894,0.639673,0.610000
547.000000,0.642788,0.644092,0.655986,0.648569,0.634806,0.279900
548.000000,0.640802,0.642807,0.654818,0.649199,0.639868,0.840000
549.000000,0.638077,0.641405,0.653377,0.649640,0.633638,0.650000
550.000000,0.635507,0.640082,0.651557,0.650172,0.629550,0.580000
551.000000,0.635157,0.639926,0.650156,0.650801,0.637921,0.760000
552.000000,0.634845,0.638816,0.648063,0.650957,0.633249,0.709900
553.000000,0.634067,0.637434,0.646068,0.651048,0.635974,0.370000
554.000000,0.633677,0.635877,0.643741,0.651016,0.631692,0.355000
555.000000,0.636519,0.636013,0.641795,0.650698,0.643761,0.932000
556.000000,0.637921,0.636539,0.641269,0.650406,0.644929,0.499900
557.000000,0.645747,0.640296,0.642194,0.650756,0.672377,1.550000
558.000000,0.654078,0.644072,0.643440,0.651236,0.677633,0.980000
559.000000,0.663033,0.648355,0.644880,0.651703,0.676465,0.410000
560.000000,0.663539,0.650029,0.645055,0.651048,0.646292,1.650000
561.000000,0.663850,0.650886,0.645406,0.650399,0.646486,0.420000
562.000000,0.662099,0.653923,0.646369,0.650016,0.663617,1.060000
563.000000,0.658984,0.656531,0.646983,0.649556,0.662060,0.680000
564.000000,0.655830,0.659432,0.647654,0.648972,0.660697,0.380000
565.000000,0.658011,0.660775,0.648394,0.648121,0.657193,0.670000
566.000000,0.659412,0.661631,0.649085,0.648057,0.653494,0.630000
567.000000,0.658166,0.660132,0.650214,0.648173,0.657388,0.638400
568.000000,0.657465,0.658225,0.651149,0.648368,0.658556,0.770000
569.000000,0.657154,0.656492,0.652424,0.648751,0.659140,0.479900
570.000000,0.655597,0.656804,0.653416,0.648972,0.649406,1.010000
571.000000,0.654779,0.657096,0.653991,0.649302,0.649406,0.430000
572.000000,0.652560,0.655363,0.654643,0.649367,0.646292,0.210000
573.000000,0.650029,0.653747,0.655139,0.649238,0.645902,0.540000
574.000000,0.646992,0.652073,0.655752,0.649127,0.643956,0.340000
575.000000,0.645435,0.650516,0.655645,0.649101,0.641620,0.150000
576.000000,0.641347,0.648063,0.654847,0.648744,0.628966,0.760000
577.000000,0.639011,0.645785,0.652959,0.648738,0.634612,0.666000
578.000000,0.636870,0.643449,0.650837,0.648582,0.635196,0.310000
579.000000,0.634962,0.640977,0.648735,0.648608,0.634417,0.310000
580.000000,0.633366,0.639400,0.648102,0.648744,0.633638,0.252900
581.000000,0.633327,0.637337,0.647216,0.648439,0.628772,0.390000
582.000000,0.631069,0.635040,0.645201,0.648108,0.623321,0.590000
583.000000,0.629395,0.633132,0.643440,0.647804,0.626825,0.880000
584.000000,0.626436,0.630699,0.641386,0.647401,0.619622,0.480000
585.000000,0.613510,0.623438,0.636977,0.644909,0.569009,3.370000
586.000000,0.600662,0.616994,0.632529,0.642230,0.564532,0.470000
587.000000,0.588593,0.609831,0.627808,0.638583,0.562974,0.850000
588.000000,0.575122,0.602258,0.622854,0.634644,0.559471,0.620000
589.000000,0.563636,0.595036,0.618007,0.630835,0.562196,0.390000
590.000000,0.562663,0.588086,0.613743,0.628097,0.564142,0.320000
591.000000,0.562585,0.581624,0.609480,0.625352,0.564142,0.734500
592.000000,0.562235,0.575414,0.605227,0.621939,0.561223,0.370000
593.000000,0.561845,0.568484,0.600808,0.618454,0.557524,0.350000
594.000000,0.561067,0.562352,0.596525,0.615041,0.558303,0.460000
595.000000,0.560950,0.561807,0.592622,0.611920,0.563558,1.490000
596.000000,0.561339,0.561962,0.589478,0.609007,0.566089,0.350000
597.000000,0.562546,0.562391,0.586111,0.606002,0.567257,0.430000
598.000000,0.564921,0.563383,0.582821,0.603030,0.569398,0.590000
599.000000,0.566440,0.563753,0.579395,0.599922,0.565894,0.338000
600.000000,0.566478,0.563714,0.575900,0.597067,0.563753,0.330000
601.000000,0.564649,0.562994,0.572309,0.593985,0.556940,0.460000
602.000000,0.560093,0.561320,0.568367,0.590591,0.544481,0.804700
603.000000,0.556278,0.560600,0.564542,0.587405,0.550321,0.755000
604.000000,0.555889,0.561164,0.561758,0.584738,0.563948,0.825000
605.000000,0.554020,0.560249,0.561028,0.581831,0.554409,1.190000
606.000000,0.554487,0.559568,0.560765,0.579508,0.559276,0.745000
607.000000,0.557602,0.558848,0.560619,0.577023,0.560055,0.615000
608.000000,0.560600,0.558439,0.560911,0.574693,0.565310,0.510000
609.000000,0.558380,0.557135,0.560444,0.571975,0.552852,0.750000
610.000000,0.558964,0.556492,0.560103,0.569431,0.557329,0.710000
611.000000,0.556745,0.555616,0.559305,0.566745,0.548180,0.790000
612.000000,0.554292,0.555947,0.558633,0.564227,0.547791,0.440000
613.000000,0.552813,0.556706,0.558653,0.561930,0.557913,0.670000
614.000000,0.553903,0.556142,0.558653,0.559886,0.558303,0.330000
615.000000,0.553786,0.556375,0.558312,0.559477,0.556745,0.370000
616.000000,0.554876,0.555811,0.557689,0.559114,0.553631,0.470000
617.000000,0.560405,0.557349,0.558098,0.559529,0.575433,1.350000
618.000000,0.563714,0.558264,0.558351,0.560029,0.574460,0.420000
619.000000,0.568698,0.561300,0.559217,0.560729,0.583220,0.640000
620.000000,0.574771,0.564279,0.560385,0.561495,0.587113,0.480000
621.000000,0.580378,0.567627,0.561622,0.562079,0.581662,0.820000
622.000000,0.582441,0.571423,0.563685,0.562897,0.585750,0.420000
623.000000,0.583453,0.573584,0.565145,0.563630,0.579521,0.837000
624.000000,0.582013,0.575355,0.565748,0.564220,0.576017,0.670000
625.000000,0.579794,0.577282,0.566829,0.564636,0.576017,0.590000
626.000000,0.577341,0.578859,0.567335,0.564746,0.569398,0.490000
627.000000,0.573097,0.577769,0.567559,0.564655,0.564532,0.700000
628.000000,0.571228,0.577341,0.567802,0.564681,0.570177,0.680000
629.000000,0.569204,0.575608,0.568454,0.564681,0.565894,0.490000
630.000000,0.567257,0.573525,0.568902,0.564765,0.566284,0.529900
631.000000,0.566089,0.571715,0.569671,0.564986,0.563558,0.740000
632.000000,0.566907,0.570002,0.570712,0.565791,0.568620,2.690000
633.000000,0.567218,0.569223,0.571404,0.566504,0.571734,1.030000
634.000000,0.570683,0.569944,0.572649,0.567147,0.583220,0.740000
635.000000,0.573915,0.570586,0.573934,0.568081,0.582441,0.620000
636.000000,0.577341,0.571715,0.575287,0.568795,0.580689,0.570000
637.000000,0.581468,0.574187,0.575978,0.569768,0.589254,1.040000
638.000000,0.586023,0.576621,0.576981,0.570742,0.594510,0.640000
639.000000,0.587814,0.579249,0.577428,0.572052,0.592174,0.540000
640.000000,0.588359,0.581137,0.577331,0.572980,0.585166,0.520000
641.000000,0.588515,0.582928,0.577321,0.574090,0.581468,0.560000
642.000000,0.586724,0.584096,0.577049,0.575174,0.580300,0.410000
643.000000,0.583960,0.584991,0.577107,0.575933,0.580689,0.560000
644.000000,0.581546,0.584680,0.577312,0.576660,0.580105,0.600000
645.000000,0.578665,0.583512,0.577049,0.577127,0.570761,0.770000
646.000000,0.577652,0.583084,0.577399,0.577886,0.576406,0.790000
647.000000,0.578431,0.582577,0.578382,0.578178,0.584193,0.856000
648.000000,0.577341,0.580650,0.578635,0.578204,0.575238,1.900000
649.000000,0.577380,0.579463,0.579356,0.578107,0.580300,0.919900
650.000000,0.579638,0.579151,0.580144,0.577938,0.582052,0.620000
651.000000,0.578431,0.578042,0.580485,0.577561,0.570372,1.030000
652.000000,0.576445,0.577438,0.580767,0.577179,0.574265,0.390000
653.000000,0.575122,0.576231,0.580611,0.576815,0.568620,0.705000
654.000000,0.573837,0.575608,0.580144,0.576744,0.573876,0.500000
655.000000,0.572552,0.576095,0.579803,0.576731,0.575628,0.490000
656.000000,0.572708,0.575569,0.579326,0.576789,0.571150,0.510000
657.000000,0.570722,0.573584,0.578081,0.576783,0.564337,0.690000
658.000000,0.568581,0.571851,0.576251,0.576374,0.557913,0.550000
659.000000,0.565622,0.569729,0.574596,0.576147,0.559081,0.310000
660.000000,0.561962,0.567257,0.573204,0.575848,0.557329,0.455000
661.000000,0.558069,0.565388,0.571715,0.575453,0.551684,0.430000
662.000000,0.555110,0.562916,0.570177,0.574817,0.549543,0.860000
663.000000,0.551995,0.560288,0.568260,0.573837,0.542340,0.530000
664.000000,0.548647,0.557135,0.566371,0.572474,0.542340,0.710000
665.000000,0.540938,0.551450,0.563773,0.570352,0.518785,1.310000
666.000000,0.534125,0.546097,0.560833,0.568250,0.517617,0.818000
667.000000,0.530348,0.542729,0.558157,0.566297,0.530660,1.130000
668.000000,0.527584,0.539790,0.555821,0.564097,0.528519,0.830000
669.000000,0.526027,0.537337,0.553533,0.562176,0.534553,0.620000
670.000000,0.528908,0.534923,0.551090,0.560444,0.533191,0.340000
671.000000,0.527857,0.530991,0.548190,0.558140,0.512361,1.180000
672.000000,0.523924,0.527136,0.545026,0.555830,0.510999,0.770000
673.000000,0.521627,0.524606,0.542447,0.553708,0.517033,0.470000
674.000000,0.516177,0.521102,0.539118,0.551282,0.507300,0.720000
675.000000,0.512478,0.520693,0.536072,0.549413,0.514697,0.840000
676.000000,0.512790,0.520323,0.533210,0.547330,0.513919,0.440000
677.000000,0.513335,0.518630,0.530679,0.544981,0.513724,0.480000
678.000000,0.513101,0.517364,0.528577,0.543002,0.515865,0.520000
679.000000,0.514074,0.515126,0.526231,0.540731,0.512167,0.430000
680.000000,0.514853,0.513666,0.524294,0.538615,0.518591,0.480000
681.000000,0.517345,0.515067,0.523029,0.537149,0.526377,0.490000
682.000000,0.521082,0.517208,0.522172,0.535754,0.532412,0.880000
683.000000,0.522406,0.517754,0.521180,0.534216,0.522484,0.710000
684.000000,0.524742,0.519408,0.520255,0.532548,0.523847,0.739900
685.000000,0.522834,0.518844,0.519768,0.530329,0.509052,0.940000
686.000000,0.518240,0.517792,0.519058,0.528071,0.503407,0.649000
687.000000,0.513101,0.517092,0.517861,0.526150,0.506716,0.730000
688.000000,0.509441,0.515924,0.516644,0.524359,0.504185,0.630000
689.000000,0.504107,0.514425,0.514775,0.522296,0.497177,0.590000
690.000000,0.500876,0.511855,0.512760,0.520148,0.492895,0.449900
691.000000,0.500253,0.509247,0.512157,0.518435,0.500292,0.470000
692.000000,0.498384,0.505743,0.511476,0.516696,0.497372,0.540000
693.000000,0.496827,0.503134,0.510444,0.515164,0.496399,0.710000
694.000000,0.499085,0.501596,0.510502,0.514035,0.508468,0.620000
695.000000,0.503290,0.502083,0.510463,0.513873,0.513919,1.020000
696.000000,0.509753,0.505003,0.511398,0.514373,0.532607,1.180000
697.000000,0.519603,0.508994,0.513043,0.514905,0.546623,1.120000
698.000000,0.528869,0.512848,0.514386,0.515379,0.542729,1.070000
699.000000,0.535488,0.517286,0.515856,0.515612,0.541561,0.410000
700.000000,0.539537,0.521413,0.516634,0.515645,0.534164,0.550000
701.000000,0.538291,0.524022,0.516634,0.516112,0.526377,0.869900
702.000000,0.535955,0.527779,0.516761,0.516910,0.534943,0.700000
703.000000,0.533502,0.531186,0.517160,0.517358,0.530465,0.560000
704.000000,0.530894,0.533191,0.517393,0.518065,0.528519,0.360000
705.000000,0.529531,0.534534,0.518308,0.518487,0.527351,0.260000
706.000000,0.528830,0.533560,0.519282,0.518785,0.522873,0.569900
707.000000,0.528596,0.532276,0.520635,0.519454,0.533775,0.690000
708.000000,0.530271,0.531886,0.522367,0.520219,0.538836,0.480000
709.000000,0.531400,0.531147,0.524216,0.520953,0.534164,0.480000
710.000000,0.531244,0.530387,0.525900,0.521219,0.526572,0.570000
711.000000,0.536072,0.532451,0.528236,0.521906,0.547012,1.130000
712.000000,0.542573,0.535585,0.531682,0.523035,0.566284,3.910000
713.000000,0.547323,0.538797,0.534991,0.524372,0.562585,0.580000
714.000000,0.555071,0.543235,0.538213,0.526007,0.572902,0.630000
715.000000,0.565894,0.548569,0.541551,0.528395,0.580689,1.290000
716.000000,0.571618,0.553845,0.543703,0.530803,0.575628,0.520000
717.000000,0.574109,0.558341,0.545309,0.533204,0.578742,0.799900
718.000000,0.578431,0.562877,0.547382,0.535870,0.584193,0.890000
719.000000,0.579443,0.567257,0.549202,0.538563,0.577964,0.500000
720.000000,0.579988,0.572941,0.551664,0.541581,0.583414,1.109900
721.000000,0.580300,0.575959,0.554205,0.544144,0.577185,0.400000
722.000000,0.578742,0.576426,0.556005,0.546597,0.570956,0.500000
723.000000,0.577497,0.577964,0.558380,0.549315,0.577964,0.690000
724.000000,0.580066,0.579755,0.561495,0.552060,0.590812,0.930000
725.000000,0.582675,0.581332,0.564950,0.554811,0.596457,0.707500
726.000000,0.588631,0.584466,0.569155,0.557290,0.606969,0.720000
727.000000,0.595289,0.587016,0.572679,0.559211,0.604244,0.530000
728.000000,0.602414,0.589955,0.576416,0.561573,0.613588,1.179000
729.000000,0.607631,0.593849,0.580553,0.564084,0.616897,1.829900
730.000000,0.614172,0.598423,0.585682,0.567251,0.629161,1.000000
731.000000,0.619155,0.603893,0.589926,0.570768,0.631886,0.860000
732.000000,0.627720,0.611505,0.593965,0.574505,0.647070,1.610000
733.000000,0.635390,0.618902,0.598433,0.578554,0.651937,0.865000
734.000000,0.642827,0.625229,0.602492,0.582740,0.654078,0.650000
735.000000,0.645513,0.629842,0.605587,0.586581,0.642593,0.740000
736.000000,0.645240,0.632198,0.608332,0.590169,0.630524,1.087500
737.000000,0.643527,0.635624,0.611320,0.593660,0.638505,0.529900
738.000000,0.640023,0.637707,0.613831,0.596846,0.634417,0.690000
739.000000,0.634300,0.638563,0.616206,0.599890,0.625462,0.700000
740.000000,0.629083,0.637298,0.617861,0.602888,0.616508,0.680000
741.000000,0.626942,0.636091,0.619992,0.605314,0.619817,0.620000
742.000000,0.620284,0.631906,0.621705,0.606612,0.605217,0.950000
743.000000,0.614327,0.627175,0.623039,0.608014,0.604633,0.440000
744.000000,0.609344,0.621822,0.623525,0.608935,0.600545,0.850000
745.000000,0.608137,0.618610,0.624226,0.609928,0.610473,0.719900
746.000000,0.604867,0.615904,0.624051,0.610856,0.603465,0.630000
747.000000,0.602141,0.611213,0.623418,0.611284,0.591590,1.290000
748.000000,0.599727,0.607027,0.622367,0.611563,0.592564,0.600000
749.000000,0.599182,0.604263,0.621413,0.612225,0.597820,0.480000
750.000000,0.597586,0.602862,0.620080,0.612861,0.602492,0.370000
751.000000,0.596652,0.600759,0.618425,0.613581,0.598793,0.340000
752.000000,0.597353,0.599747,0.615826,0.614386,0.595094,0.480000
753.000000,0.598871,0.599299,0.613237,0.615126,0.600156,0.480000
754.000000,0.599221,0.599202,0.610512,0.615418,0.599572,0.405000
755.000000,0.596457,0.597022,0.607816,0.615158,0.588670,0.990000
756.000000,0.590228,0.593440,0.604672,0.613847,0.567646,1.270000
757.000000,0.585011,0.591182,0.601197,0.612673,0.569009,0.780000
758.000000,0.578120,0.588495,0.597761,0.611077,0.565700,0.600000
759.000000,0.569866,0.584544,0.594403,0.609123,0.558303,0.610000
760.000000,0.561651,0.579054,0.590958,0.606405,0.547596,0.800000
761.000000,0.558809,0.574518,0.587639,0.603790,0.553436,0.450000
762.000000,0.556239,0.570625,0.585186,0.600759,0.556161,0.650000
763.000000,0.555772,0.566946,0.583122,0.597807,0.563364,1.040000
764.000000,0.559509,0.564688,0.581945,0.595237,0.576990,3.410000
765.000000,0.564726,0.563189,0.580105,0.592940,0.573681,0.970000
766.000000,0.567335,0.563072,0.578256,0.590805,0.566478,1.190000
767.000000,0.566011,0.561125,0.576153,0.587840,0.549543,1.920000
768.000000,0.560872,0.558322,0.573409,0.584615,0.537668,0.830000
769.000000,0.555616,0.557563,0.571053,0.582123,0.550711,1.250000
770.000000,0.548997,0.556862,0.567958,0.579592,0.540588,3.170000
771.000000,0.543975,0.555655,0.565087,0.576977,0.541367,0.580000
772.000000,0.541795,0.553903,0.562264,0.574758,0.538641,0.680000
773.000000,0.542573,0.551723,0.559334,0.572656,0.541561,0.700000
774.000000,0.544676,0.550146,0.557417,0.571345,0.561223,1.330000
775.000000,0.545688,0.547343,0.555266,0.569184,0.545649,0.890000
776.000000,0.544403,0.544189,0.553631,0.566900,0.534943,0.940000
777.000000,0.545065,0.543430,0.552278,0.565246,0.541951,0.800000
778.000000,0.546350,0.544462,0.551392,0.563760,0.547985,0.782000
779.000000,0.541172,0.542924,0.550243,0.561677,0.535332,0.790000
780.000000,0.540199,0.542943,0.549903,0.559620,0.540783,1.470000
781.000000,0.539576,0.541989,0.548822,0.557388,0.531828,0.669900
782.000000,0.535916,0.540491,0.547197,0.555006,0.523652,1.359900
783.000000,0.529803,0.538077,0.544900,0.552248,0.517423,0.790000
784.000000,0.526572,0.533872,0.542009,0.549568,0.519175,0.739900
785.000000,0.524314,0.532256,0.539799,0.547596,0.529492,0.590000
786.000000,0.523224,0.531400,0.537794,0.546220,0.526377,0.750000
787.000000,0.525326,0.530621,0.537026,0.545059,0.534164,3.335000
788.000000,0.531711,0.530757,0.537609,0.544514,0.549348,4.140000
789.000000,0.540004,0.533288,0.538106,0.544592,0.560639,2.010000
790.000000,0.546194,0.535254,0.539099,0.545020,0.560444,0.940000
791.000000,0.553786,0.538505,0.540247,0.545383,0.564337,2.090000
792.000000,0.560366,0.542846,0.541668,0.545747,0.567062,1.080000
793.000000,0.562897,0.547304,0.542690,0.545701,0.562001,0.710000
794.000000,0.564181,0.552093,0.542982,0.545370,0.567062,1.420000
795.000000,0.566401,0.556297,0.544277,0.545299,0.571540,0.550000
796.000000,0.566634,0.560210,0.545805,0.545266,0.565505,0.590000
797.000000,0.566985,0.563675,0.547148,0.545909,0.568814,0.650000
798.000000,0.572280,0.567588,0.549173,0.547602,0.588476,1.200000
799.000000,0.577925,0.571053,0.552171,0.549088,0.595289,0.760000
800.000000,0.582130,0.574265,0.554760,0.550821,0.592564,0.610000
801.000000,0.590111,0.578373,0.558439,0.552956,0.605412,0.780000
802.000000,0.593148,0.580066,0.561456,0.554468,0.583998,1.650000
803.000000,0.592564,0.582422,0.564863,0.555934,0.585556,0.520000
804.000000,0.589605,0.583765,0.567929,0.556576,0.580494,0.380000
805.000000,0.587347,0.584738,0.570518,0.557764,0.581273,0.565000
806.000000,0.586490,0.588301,0.574255,0.559970,0.601129,1.150000
807.000000,0.592369,0.592758,0.578217,0.562352,0.613393,1.330000
808.000000,0.599066,0.595815,0.581701,0.564720,0.619038,0.680000
809.000000,0.611213,0.600409,0.585731,0.568250,0.641230,1.390000
810.000000,0.618260,0.602803,0.588534,0.570774,0.616508,1.370000
811.000000,0.618415,0.602453,0.590413,0.573110,0.601908,1.090000
812.000000,0.616936,0.604653,0.592359,0.575855,0.605996,0.500000
813.000000,0.614678,0.606872,0.594647,0.578866,0.607748,0.545000
814.000000,0.611875,0.611544,0.597654,0.582467,0.627214,1.869400
815.000000,0.614327,0.616294,0.600516,0.585776,0.628772,0.347000
816.000000,0.618493,0.618454,0.603377,0.588988,0.622737,0.549900
817.000000,0.621958,0.619447,0.606103,0.591960,0.623321,0.460000
818.000000,0.624333,0.619506,0.607660,0.594303,0.619622,0.460000
819.000000,0.621647,0.616761,0.608585,0.596074,0.613782,0.580000
820.000000,0.618571,0.616449,0.609626,0.597839,0.613393,0.360000
821.000000,0.615262,0.616878,0.609665,0.599234,0.606190,0.869900
822.000000,0.611875,0.616916,0.610785,0.600545,0.606385,1.098900
823.000000,0.609305,0.616819,0.611845,0.602038,0.606774,0.660000
824.000000,0.607436,0.614542,0.613043,0.603283,0.604438,0.550000
825.000000,0.608449,0.613510,0.614902,0.604847,0.618454,0.840000
826.000000,0.610084,0.612673,0.615564,0.606476,0.614366,0.285000
827.000000,0.610979,0.611427,0.615437,0.607877,0.610862,0.810000
828.000000,0.614444,0.611875,0.615690,0.609065,0.624100,0.920000
829.000000,0.619700,0.613568,0.615164,0.610246,0.630718,0.640000
830.000000,0.620596,0.614522,0.615486,0.611258,0.622932,0.440000
831.000000,0.622153,0.616118,0.616498,0.611816,0.622153,0.630000
832.000000,0.625229,0.618104,0.617510,0.613224,0.626241,0.820000
833.000000,0.626825,0.620635,0.618727,0.614775,0.632081,0.883100
834.000000,0.629083,0.624392,0.619467,0.616826,0.642009,0.800000
835.000000,0.632120,0.626358,0.619934,0.618720,0.638116,0.800000
836.000000,0.648900,0.635527,0.624100,0.622218,0.706054,6.370000
837.000000,0.655246,0.640237,0.625832,0.623704,0.657972,2.500000
838.000000,0.664318,0.645571,0.628723,0.625651,0.677438,1.590000
839.000000,0.669535,0.649309,0.631439,0.626546,0.668094,1.569900
840.000000,0.673194,0.652657,0.633590,0.627876,0.656414,1.210000
841.000000,0.663734,0.656317,0.636218,0.629771,0.658750,0.560000
842.000000,0.666576,0.660911,0.639507,0.631977,0.672182,0.970000
843.000000,0.664357,0.664337,0.642486,0.633930,0.666342,1.098900
844.000000,0.666109,0.667822,0.646107,0.635585,0.676854,0.970000
845.000000,0.668484,0.670839,0.648598,0.636902,0.668289,0.490000
846.000000,0.670975,0.667354,0.651441,0.638518,0.671209,0.620000
847.000000,0.670391,0.668484,0.654361,0.640049,0.669262,0.540000
848.000000,0.673895,0.669126,0.657349,0.642191,0.683862,1.834900
849.000000,0.670742,0.668425,0.658867,0.643767,0.661086,1.440000
850.000000,0.670197,0.669340,0.660999,0.645506,0.665564,0.770000
851.000000,0.667160,0.669068,0.662692,0.647168,0.656025,1.170000
852.000000,0.666459,0.668425,0.664668,0.649147,0.665758,0.550000
853.000000,0.662060,0.667977,0.666157,0.650983,0.661865,1.659900
854.000000,0.665914,0.668328,0.668075,0.653514,0.680358,1.040000
855.000000,0.669963,0.670080,0.670459,0.655759,0.685809,0.580000
856.000000,0.676621,0.671890,0.669622,0.658257,0.689313,0.540000
857.000000,0.682889,0.674674,0.671579,0.661132,0.697099,0.530000
858.000000,0.690403,0.676231,0.672679,0.663643,0.699435,0.580000
859.000000,0.693751,0.679833,0.674129,0.665856,0.697099,0.450000
860.000000,0.695854,0.682908,0.676124,0.668302,0.696321,0.440000
861.000000,0.697333,0.686977,0.678022,0.670787,0.696710,0.540000
862.000000,0.697606,0.690247,0.679336,0.673194,0.698462,0.299900
863.000000,0.697567,0.693985,0.680981,0.675433,0.699241,0.350000
864.000000,0.696905,0.695328,0.681828,0.677159,0.693790,0.640000
865.000000,0.696243,0.696048,0.683064,0.678989,0.693011,0.760000
866.000000,0.697761,0.697547,0.684719,0.678931,0.704302,1.180000
867.000000,0.698073,0.697839,0.686257,0.680332,0.700019,0.500000
868.000000,0.697294,0.697430,0.686831,0.680929,0.695347,0.940000
869.000000,0.698034,0.697469,0.688651,0.681909,0.697489,0.430000
870.000000,0.698890,0.697567,0.690237,0.683272,0.697294,0.690000
871.000000,0.695347,0.696554,0.691766,0.684200,0.686588,1.010000
872.000000,0.696827,0.697450,0.693849,0.685374,0.707417,1.080000
873.000000,0.699786,0.698540,0.696262,0.686834,0.710142,0.450000
874.000000,0.702939,0.700487,0.697907,0.688047,0.713257,0.489900
875.000000,0.707806,0.703348,0.699698,0.689825,0.721627,0.600000
876.000000,0.710025,0.702686,0.700117,0.690708,0.697683,1.670000
877.000000,0.705976,0.701402,0.699620,0.691305,0.687172,0.820000
878.000000,0.702278,0.701032,0.699231,0.691564,0.691649,0.630000
879.000000,0.701071,0.702005,0.699737,0.693102,0.707222,0.820000
880.000000,0.703991,0.705898,0.701733,0.695458,0.736227,1.490000
881.000000,0.712595,0.711310,0.703932,0.698280,0.740705,0.630000
882.000000,0.722289,0.714133,0.705791,0.700610,0.735643,0.560000
883.000000,0.731516,0.716897,0.707719,0.703141,0.737785,0.640000
884.000000,0.737746,0.719408,0.709947,0.705074,0.738369,0.505000
885.000000,0.741250,0.722620,0.712984,0.707339,0.753747,1.060000
886.000000,0.742807,0.727701,0.715194,0.709312,0.748491,0.680000
887.000000,0.748647,0.735468,0.718435,0.711570,0.764843,1.540000
888.000000,0.754253,0.742885,0.721958,0.713782,0.765817,0.624500
889.000000,0.759548,0.748647,0.725326,0.716040,0.764843,1.000000
890.000000,0.761573,0.751411,0.728655,0.718292,0.763870,1.389000
891.000000,0.764649,0.753728,0.732519,0.720531,0.763870,0.580000
892.000000,0.764649,0.756648,0.735390,0.722743,0.764843,0.809900
893.000000,0.765349,0.759801,0.738349,0.725079,0.769321,0.529000
894.000000,0.767024,0.763286,0.741347,0.727727,0.773214,0.450000
895.000000,0.768542,0.765057,0.743839,0.730342,0.771462,0.420000
896.000000,0.769515,0.767082,0.747391,0.732490,0.768737,2.912000
897.000000,0.771228,0.767938,0.751703,0.734936,0.773409,0.430000
898.000000,0.771501,0.768425,0.755655,0.737447,0.770683,0.710000
899.000000,0.771423,0.769223,0.758935,0.739958,0.772825,0.769000
900.000000,0.770956,0.769749,0.760580,0.742353,0.769126,0.670000
901.000000,0.771968,0.770742,0.762235,0.745260,0.773798,0.930000
902.000000,0.770878,0.771053,0.763850,0.747278,0.767958,0.930000
903.000000,0.770839,0.771170,0.765486,0.749289,0.770489,0.480000
904.000000,0.769905,0.770664,0.766975,0.751119,0.768153,0.676200
905.000000,0.771501,0.771228,0.768143,0.752969,0.777107,0.620000
906.000000,0.771423,0.771696,0.769389,0.755493,0.773409,0.550000
907.000000,0.772980,0.771929,0.769934,0.758445,0.775745,0.420000
908.000000,0.774732,0.772786,0.770605,0.761365,0.779249,0.570000
909.000000,0.777419,0.773662,0.771442,0.763844,0.781585,0.350000
910.000000,0.778081,0.774791,0.772270,0.765317,0.780417,0.370000
911.000000,0.780105,0.775764,0.773253,0.766745,0.783531,0.720000
912.000000,0.778587,0.775784,0.773418,0.767828,0.768153,1.450000
913.000000,0.774693,0.774713,0.772941,0.768561,0.759782,0.710000
914.000000,0.775122,0.776270,0.773467,0.770073,0.783726,2.040000
915.000000,0.775978,0.777029,0.774129,0.771105,0.784699,0.735000
916.000000,0.777341,0.778723,0.775209,0.772500,0.790345,0.780000
917.000000,0.783103,0.780845,0.776387,0.773571,0.796963,0.530000
918.000000,0.790539,0.782616,0.777701,0.774609,0.796963,0.330000
919.000000,0.794549,0.784836,0.779249,0.775907,0.803777,0.730000
920.000000,0.799143,0.787561,0.781176,0.777367,0.807670,0.650000
921.000000,0.800662,0.789001,0.782383,0.778502,0.797937,3.450000
922.000000,0.798190,0.790646,0.783215,0.779161,0.784602,1.545000
923.000000,0.794686,0.792612,0.783663,0.779498,0.779443,0.870000
924.000000,0.790442,0.792496,0.784383,0.779810,0.782558,0.460000
925.000000,0.787717,0.793430,0.785230,0.780563,0.794043,0.740000
926.000000,0.787755,0.794209,0.786466,0.781542,0.798131,0.580000
927.000000,0.790500,0.794345,0.787595,0.782373,0.798326,0.600000
928.000000,0.793771,0.794228,0.788422,0.783210,0.795795,0.380000
929.000000,0.792252,0.791347,0.788091,0.783281,0.774966,1.110000
930.000000,0.790189,0.788953,0.788257,0.783768,0.783726,1.119700
931.000000,0.783687,0.785721,0.787361,0.783496,0.765622,0.980000
932.000000,0.774810,0.782655,0.786651,0.783028,0.753942,2.989000
933.000000,0.768114,0.780942,0.786777,0.782756,0.762313,0.550000
934.000000,0.766401,0.779326,0.785911,0.782697,0.766401,0.390000
935.000000,0.763169,0.776679,0.785055,0.782379,0.767569,0.660000
936.000000,0.763130,0.773409,0.783809,0.782113,0.765427,0.370000
937.000000,0.767997,0.771404,0.782874,0.782198,0.778275,1.120000
938.000000,0.775316,0.771715,0.782972,0.782853,0.798910,1.070000
939.000000,0.778898,0.772649,0.781998,0.782944,0.784310,0.800000
940.000000,0.780378,0.771773,0.780363,0.782762,0.774966,0.530000
941.000000,0.783103,0.773117,0.779419,0.782613,0.779054,0.330000
942.000000,0.784076,0.776037,0.779346,0.783113,0.783142,0.420200
943.000000,0.769866,0.772591,0.776767,0.782049,0.727857,2.910000
944.000000,0.759743,0.769321,0.774324,0.780381,0.733697,0.820000
945.000000,0.752774,0.766576,0.771627,0.778895,0.740121,0.640000
946.000000,0.744364,0.763734,0.768571,0.777117,0.737006,0.540000
947.000000,0.735332,0.759704,0.765554,0.775151,0.737979,0.390000
948.000000,0.738602,0.754234,0.762974,0.773392,0.744209,0.730000
949.000000,0.742340,0.751041,0.761845,0.771679,0.752385,0.780000
950.000000,0.748297,0.750535,0.761154,0.770420,0.769905,1.230000
951.000000,0.753319,0.748842,0.760979,0.769227,0.762118,0.919100
952.000000,0.759548,0.747440,0.761738,0.768711,0.769126,1.380000
953.000000,0.763520,0.751061,0.761826,0.768198,0.764065,0.900000
954.000000,0.765739,0.754039,0.761680,0.767562,0.763481,0.590000
955.000000,0.764181,0.756239,0.761407,0.766498,0.762118,0.355000
956.000000,0.764298,0.758809,0.761271,0.765317,0.762702,0.300000
957.000000,0.762974,0.761261,0.760483,0.764123,0.762507,1.190000
958.000000,0.762274,0.762897,0.758565,0.762949,0.760561,0.660000
959.000000,0.762196,0.763967,0.757504,0.762553,0.763091,0.380000
960.000000,0.764532,0.764357,0.757446,0.762222,0.773798,0.774000
961.000000,0.766751,0.765525,0.757183,0.762494,0.773798,0.745000
962.000000,0.768464,0.765719,0.756580,0.763065,0.771073,0.650000
963.000000,0.767062,0.764668,0.757865,0.762773,0.753553,1.250000
964.000000,0.764142,0.763169,0.758604,0.762176,0.748491,0.890000
965.000000,0.760561,0.762546,0.759393,0.761787,0.755889,0.780000
966.000000,0.754487,0.760619,0.759714,0.761054,0.743430,0.710000
967.000000,0.746661,0.757563,0.759412,0.759509,0.731945,0.789900
968.000000,0.741172,0.754117,0.758507,0.757083,0.726105,1.900000
969.000000,0.736150,0.750146,0.757057,0.755052,0.723379,0.540000
970.000000,0.730310,0.745435,0.754896,0.753442,0.726689,0.601600
971.000000,0.727351,0.740919,0.753222,0.751762,0.728635,0.660000
972.000000,0.734242,0.740452,0.753085,0.751204,0.766401,2.730000
973.000000,0.744014,0.742593,0.753631,0.752774,0.774966,2.359900
974.000000,0.763753,0.749951,0.756560,0.755720,0.822075,3.880000
975.000000,0.787152,0.758731,0.760639,0.759172,0.843683,1.730000
976.000000,0.811018,0.769184,0.764902,0.762871,0.847966,1.949900
977.000000,0.827409,0.780825,0.769194,0.766550,0.848355,1.435000
978.000000,0.841269,0.792642,0.773379,0.769885,0.844267,0.755000
979.000000,0.846214,0.804983,0.777565,0.773032,0.846798,0.630000
980.000000,0.846214,0.816683,0.781059,0.775492,0.843683,1.020000
981.000000,0.848316,0.829667,0.785293,0.778704,0.858478,0.930000
982.000000,0.851859,0.839634,0.790043,0.781935,0.866070,1.310000
983.000000,0.858205,0.849737,0.796165,0.785666,0.875998,0.879900
984.000000,0.862099,0.854156,0.802054,0.789092,0.866264,0.660000
985.000000,0.867900,0.857057,0.807894,0.792778,0.872688,1.709900
986.000000,0.863656,0.855986,0.812585,0.795263,0.837259,1.850000
987.000000,0.853572,0.852716,0.816770,0.797035,0.815651,1.520000
988.000000,0.844384,0.851295,0.821968,0.799351,0.830056,1.370000
989.000000,0.840062,0.851080,0.828032,0.802070,0.844656,1.330000
990.000000,0.836558,0.852229,0.834456,0.804782,0.855168,1.110000
991.000000,0.838077,0.850866,0.840267,0.807151,0.844851,0.980000
992.000000,0.849990,0.851781,0.845708,0.810622,0.875219,1.635000
993.000000,0.861086,0.852735,0.851236,0.815022,0.885536,0.770000
994.000000,0.862682,0.851372,0.852764,0.818493,0.852638,2.050000
995.000000,0.860619,0.848589,0.852823,0.821459,0.844851,1.100000
996.000000,0.856726,0.847401,0.851694,0.824191,0.825384,1.530000
997.000000,0.846097,0.848044,0.850380,0.827195,0.822075,1.218400
998.000000,0.833054,0.847070,0.849182,0.830335,0.820323,0.720000
999.000000,0.828577,0.845630,0.848355,0.833898,0.830251,1.359900
1000.000000,0.826124,0.843372,0.847800,0.837428,0.832587,0.959900
1001.000000,0.824178,0.840452,0.845659,0.840328,0.815651,0.990000
1002.000000,0.822815,0.834456,0.843119,0.841957,0.815262,1.010000
1003.000000,0.822348,0.827701,0.840218,0.843391,0.817987,0.735000
1004.000000,0.821608,0.825092,0.838232,0.843540,0.826552,0.880000
1005.000000,0.818883,0.822503,0.835546,0.842716,0.818960,0.730000
1006.000000,0.820167,0.822172,0.834787,0.841853,0.822075,0.470000
1007.000000,0.821608,0.822211,0.835128,0.840990,0.822464,0.650000
1008.000000,0.820596,0.821472,0.834271,0.839945,0.812926,1.150000
1009.000000,0.820284,0.820946,0.833288,0.839219,0.824995,0.830000
1010.000000,0.820946,0.819914,0.831643,0.838505,0.822270,0.740000
1011.000000,0.818999,0.819583,0.830018,0.836967,0.812342,0.900000
1012.000000,0.812770,0.817189,0.825822,0.834475,0.791318,1.220000
1013.000000,0.809694,0.815145,0.821423,0.831860,0.797547,0.640000
1014.000000,0.804672,0.812478,0.818785,0.829648,0.799883,0.590000
1015.000000,0.799416,0.810181,0.816342,0.827091,0.795990,0.740000
1016.000000,0.796807,0.807903,0.815038,0.825826,0.799299,0.390000
1017.000000,0.795756,0.804263,0.813237,0.824839,0.786062,0.780000
1018.000000,0.792681,0.801187,0.811330,0.823243,0.782169,1.060000
1019.000000,0.788398,0.796535,0.808741,0.821037,0.778470,1.110000
1020.000000,0.785673,0.792544,0.806229,0.818610,0.782363,0.540000
1021.000000,0.780923,0.788865,0.804224,0.816300,0.775550,0.650000
1022.000000,0.780066,0.787911,0.802550,0.813185,0.781779,0.729900
1023.000000,0.780378,0.786529,0.800837,0.809792,0.783726,2.080000
1024.000000,0.779988,0.784193,0.798336,0.807255,0.776523,0.775000
1025.000000,0.778548,0.782110,0.796146,0.804932,0.775161,0.560000
1026.000000,0.773720,0.777321,0.792612,0.802466,0.751411,1.260000
1027.000000,0.768970,0.774518,0.789391,0.800331,0.758030,0.920000
1028.000000,0.762819,0.771598,0.786393,0.798086,0.752969,0.720000
1029.000000,0.758186,0.769087,0.782811,0.795523,0.753358,1.020000
1030.000000,0.755694,0.767121,0.779833,0.793193,0.762702,0.700000
1031.000000,0.757018,0.765369,0.777117,0.791272,0.758030,0.590000
1032.000000,0.756940,0.762955,0.775433,0.789352,0.757641,0.700000
1033.000000,0.753436,0.758127,0.772328,0.786600,0.735449,1.330000
1034.000000,0.752229,0.755207,0.769700,0.783960,0.747323,0.799900
1035.000000,0.751022,0.753358,0.767734,0.781883,0.756667,0.580000
1036.000000,0.753747,0.755383,0.766352,0.780202,0.771657,1.130000
1037.000000,0.753436,0.755188,0.764853,0.777990,0.756083,1.050000
1038.000000,0.758770,0.756103,0.763850,0.776296,0.762118,0.860000
1039.000000,0.766751,0.759490,0.764288,0.775037,0.787230,1.320000
1040.000000,0.772941,0.761982,0.764551,0.773882,0.787619,0.799900
1041.000000,0.777847,0.765797,0.765583,0.773344,0.796185,1.030000
1042.000000,0.786023,0.769729,0.766342,0.773532,0.796963,1.960000
1043.000000,0.775706,0.767238,0.762682,0.770631,0.710531,4.900000
1044.000000,0.762001,0.764376,0.759792,0.767926,0.718707,0.929900
1045.000000,0.747479,0.760210,0.756784,0.765226,0.715009,0.580000
1046.000000,0.730816,0.754331,0.754857,0.762345,0.712867,0.559900
1047.000000,0.714775,0.750399,0.752793,0.760035,0.716761,0.600000
1048.000000,0.713958,0.744832,0.750467,0.757511,0.706443,0.740000
1049.000000,0.711038,0.736519,0.748005,0.755032,0.704107,0.620000
1050.000000,0.706989,0.727234,0.744608,0.752112,0.694763,0.750000
1051.000000,0.701110,0.715963,0.740880,0.749043,0.683473,0.810000
1052.000000,0.697956,0.706366,0.738047,0.746350,0.700993,3.790000
1053.000000,0.694218,0.704088,0.735663,0.743151,0.687755,0.960000
1054.000000,0.692856,0.701947,0.733161,0.740510,0.697294,0.820000
1055.000000,0.693985,0.700487,0.730348,0.738018,0.700409,0.560000
1056.000000,0.697722,0.699416,0.726874,0.736377,0.702161,0.560000
1057.000000,0.701071,0.699513,0.724956,0.735033,0.717734,1.050000
1058.000000,0.705626,0.699922,0.722377,0.733619,0.710531,0.490000
1059.000000,0.706872,0.699864,0.718192,0.731958,0.703523,1.030000
1060.000000,0.706950,0.700467,0.713850,0.729894,0.700798,0.390000
1061.000000,0.703095,0.700409,0.708186,0.727390,0.682889,1.150000
1062.000000,0.695036,0.698053,0.702209,0.724716,0.677438,0.648700
1063.000000,0.690598,0.698112,0.701100,0.723146,0.688339,1.370000
1064.000000,0.685770,0.696321,0.699134,0.720881,0.679385,1.230000
1065.000000,0.679969,0.693459,0.696973,0.718052,0.671793,0.870000
1066.000000,0.678139,0.690617,0.695017,0.714788,0.673740,0.710000
1067.000000,0.678528,0.686782,0.693148,0.712232,0.679385,0.700000
1068.000000,0.675375,0.682986,0.691454,0.709247,0.672572,0.889900
1069.000000,0.674324,0.680047,0.689955,0.705477,0.674129,0.490000
1070.000000,0.672533,0.676251,0.688359,0.701317,0.662838,0.870000
1071.000000,0.669340,0.673740,0.687074,0.696704,0.657777,0.590000
1072.000000,0.664629,0.671579,0.684816,0.691999,0.655830,0.770000
1073.000000,0.663033,0.669204,0.683658,0.690468,0.664590,0.715000
1074.000000,0.662137,0.668230,0.682276,0.688833,0.669652,0.625000
1075.000000,0.664434,0.668484,0.680971,0.687476,0.674324,0.610000
1076.000000,0.669729,0.669535,0.680076,0.686523,0.684252,0.820000
1077.000000,0.671715,0.668172,0.677477,0.684823,0.665758,1.150000
1078.000000,0.672688,0.667861,0.675423,0.683590,0.669457,0.969000
1079.000000,0.674557,0.668347,0.674197,0.682753,0.678996,0.715000
1080.000000,0.674713,0.669574,0.672912,0.682097,0.675102,0.630000
1081.000000,0.674090,0.671910,0.672825,0.682019,0.681137,0.510000
1082.000000,0.678450,0.675083,0.673331,0.681572,0.687561,0.490000
1083.000000,0.681565,0.677127,0.673165,0.681481,0.685030,0.510000
1084.000000,0.684018,0.679288,0.673759,0.681280,0.691259,0.690000
1085.000000,0.687327,0.681020,0.674752,0.680988,0.691649,0.790000
1086.000000,0.690792,0.682441,0.675988,0.680864,0.698462,1.030000
1087.000000,0.692505,0.685478,0.676825,0.680144,0.696126,0.475000
1088.000000,0.693712,0.687639,0.677750,0.679495,0.691065,0.830000
1089.000000,0.693323,0.688670,0.678509,0.679021,0.689313,0.370000
1090.000000,0.694608,0.690967,0.680271,0.678931,0.698073,0.620000
1091.000000,0.698073,0.694433,0.683171,0.680027,0.715787,1.830000
1092.000000,0.714152,0.703329,0.689206,0.683330,0.776523,4.358400
1093.000000,0.730465,0.712089,0.694608,0.686140,0.772630,1.080000
1094.000000,0.745571,0.719447,0.699367,0.688988,0.764843,0.790800
1095.000000,0.758108,0.726358,0.703689,0.691954,0.760755,0.590000
1096.000000,0.766245,0.732159,0.707300,0.694712,0.756473,0.590000
1097.000000,0.760093,0.737123,0.711300,0.696924,0.745766,0.710000
1098.000000,0.753631,0.742048,0.714843,0.699182,0.740315,0.580000
1099.000000,0.751606,0.748589,0.718630,0.701869,0.754721,1.030000
1100.000000,0.750010,0.754059,0.722513,0.704867,0.752774,0.525000
1101.000000,0.746272,0.756259,0.725346,0.707534,0.737785,1.000000
1102.000000,0.744170,0.752132,0.727730,0.710181,0.735254,0.500000
1103.000000,0.743858,0.748744,0.730417,0.712653,0.738758,0.590000
1104.000000,0.741795,0.746700,0.733074,0.715145,0.744403,0.440000
1105.000000,0.741405,0.745708,0.736033,0.717695,0.750827,1.080000
1106.000000,0.744481,0.745377,0.738768,0.719992,0.753163,0.660000
1107.000000,0.749387,0.746778,0.741951,0.723126,0.759782,0.550000
1108.000000,0.753358,0.748608,0.745328,0.726098,0.758614,0.800000
1109.000000,0.755421,0.748608,0.748598,0.728622,0.754721,0.570000
1110.000000,0.754370,0.747888,0.750973,0.730971,0.745571,0.800000
1111.000000,0.755694,0.750088,0.753173,0.733593,0.759782,1.020000
1112.000000,0.759354,0.754370,0.753251,0.736610,0.778081,1.970000
1113.000000,0.762974,0.758166,0.753455,0.739666,0.776718,0.610000
1114.000000,0.766323,0.760872,0.753786,0.742340,0.771462,0.750000
1115.000000,0.771773,0.763072,0.754390,0.745046,0.772825,1.952000
1116.000000,0.775978,0.765836,0.755606,0.747791,0.780806,0.940000
1117.000000,0.775589,0.767471,0.757125,0.750457,0.776134,0.830000
1118.000000,0.778509,0.770742,0.759675,0.753799,0.791318,1.010000
1119.000000,0.781818,0.774070,0.761339,0.757089,0.788009,0.700000
1120.000000,0.784310,0.778042,0.762965,0.759996,0.785283,0.579900
1121.000000,0.785556,0.780767,0.765427,0.762371,0.787035,0.540000
1122.000000,0.781429,0.778509,0.766440,0.761670,0.755499,1.830000
1123.000000,0.774693,0.776601,0.767384,0.761171,0.757641,1.050000
1124.000000,0.768386,0.775102,0.767987,0.760892,0.756473,0.792900
1125.000000,0.761729,0.773019,0.768046,0.760600,0.751995,0.790000
1126.000000,0.754837,0.770197,0.768016,0.760470,0.752579,0.860000
1127.000000,0.755149,0.768289,0.767880,0.760846,0.757057,0.710000
1128.000000,0.756434,0.765564,0.768153,0.761638,0.764065,0.480000
1129.000000,0.756434,0.762410,0.768240,0.761696,0.756473,0.630000
1130.000000,0.761106,0.761417,0.769729,0.762449,0.775355,1.270000
1131.000000,0.764026,0.759432,0.770099,0.763429,0.767179,1.000000
1132.000000,0.773720,0.764434,0.771472,0.765771,0.805529,2.080000
1133.000000,0.781662,0.769048,0.772825,0.767938,0.803777,0.890000
1134.000000,0.787541,0.771988,0.773545,0.769321,0.785867,1.361600
1135.000000,0.787619,0.774362,0.773691,0.770151,0.775745,0.700000
1136.000000,0.791474,0.777750,0.773973,0.771261,0.786451,0.700000
1137.000000,0.786218,0.779969,0.774129,0.771910,0.779249,0.615000
1138.000000,0.782091,0.781877,0.773720,0.772727,0.783142,0.825000
1139.000000,0.781507,0.784524,0.773467,0.773668,0.782947,0.550000
1140.000000,0.782169,0.784894,0.773156,0.774784,0.779054,0.730000
1141.000000,0.781078,0.786276,0.772854,0.775492,0.781001,0.580000
1142.000000,0.781351,0.783784,0.774109,0.775576,0.780611,0.460000
1143.000000,0.780767,0.781429,0.775238,0.775693,0.780222,0.360000
1144.000000,0.780845,0.781176,0.776582,0.776089,0.783337,0.430000
1145.000000,0.780689,0.781429,0.777896,0.776270,0.778275,0.730000
1146.000000,0.779054,0.780066,0.778908,0.776004,0.772825,0.680000
1147.000000,0.775219,0.778285,0.779127,0.775514,0.761437,1.070000
1148.000000,0.772766,0.776767,0.779322,0.774736,0.767958,0.910000
1149.000000,0.767783,0.774314,0.779419,0.773749,0.758419,1.000000
1150.000000,0.763189,0.771939,0.778416,0.772750,0.755305,1.010000
1151.000000,0.761943,0.770498,0.778387,0.772069,0.766595,0.779200
1152.000000,0.764298,0.769759,0.776771,0.772659,0.773214,0.680000
1153.000000,0.768892,0.770829,0.776129,0.773769,0.790929,1.310000
1154.000000,0.772669,0.770226,0.775701,0.774463,0.777302,1.440000
1155.000000,0.777497,0.770343,0.775886,0.775378,0.779443,3.650000
1156.000000,0.786529,0.774236,0.777151,0.777351,0.811758,2.170000
1157.000000,0.792992,0.778645,0.778465,0.778966,0.805529,0.925000
1158.000000,0.792174,0.780533,0.778650,0.779726,0.786841,1.220000
1159.000000,0.792719,0.782694,0.778504,0.780511,0.780027,0.880000
1160.000000,0.791435,0.784466,0.778202,0.780433,0.773019,0.690000
1161.000000,0.781001,0.783765,0.777132,0.780180,0.759587,0.790000
1162.000000,0.774888,0.783940,0.776849,0.779161,0.774966,0.830000
1163.000000,0.770255,0.781215,0.776022,0.777824,0.763675,0.900000
1164.000000,0.767140,0.779930,0.775078,0.777111,0.764454,0.450000
1165.000000,0.760677,0.776056,0.773199,0.775943,0.740705,1.260000
1166.000000,0.755499,0.768250,0.771243,0.774184,0.733697,1.140000
1167.000000,0.747012,0.760950,0.769798,0.772627,0.732529,0.563000
1168.000000,0.744637,0.757446,0.768990,0.771582,0.751801,1.200000
1169.000000,0.740938,0.754039,0.768367,0.770349,0.745961,1.749900
1170.000000,0.743002,0.751840,0.768153,0.769415,0.751022,0.599900
1171.000000,0.747323,0.751411,0.767588,0.768558,0.755305,0.510000
1172.000000,0.751528,0.749270,0.766605,0.767656,0.753553,0.630000
1173.000000,0.753669,0.749153,0.765184,0.767066,0.762507,0.860000
1174.000000,0.757874,0.749406,0.764668,0.766521,0.766985,0.544600
1175.000000,0.764259,0.753631,0.764843,0.766676,0.782947,0.970000
1176.000000,0.771267,0.759295,0.763773,0.767260,0.790345,0.780000
1177.000000,0.778236,0.764882,0.762916,0.768159,0.788398,0.982000
1178.000000,0.783492,0.768581,0.763013,0.768853,0.788787,0.660000
1179.000000,0.787269,0.772572,0.763305,0.769768,0.785867,0.530000
1180.000000,0.786062,0.775161,0.763500,0.770489,0.776913,1.119000
1181.000000,0.785556,0.778412,0.764911,0.771196,0.787814,0.650000
1182.000000,0.785945,0.782091,0.765680,0.771767,0.790345,0.500000
1183.000000,0.786101,0.784797,0.766975,0.771721,0.789566,0.770000
1184.000000,0.786412,0.786841,0.768123,0.772059,0.787425,0.680000
1185.000000,0.785556,0.785809,0.769720,0.771832,0.772630,1.090000
1186.000000,0.786218,0.785887,0.772591,0.771144,0.791123,1.040000
1187.000000,0.789605,0.787775,0.776329,0.771202,0.807281,0.990000
1188.000000,0.798287,0.792194,0.780387,0.772740,0.832976,2.010000
1189.000000,0.805100,0.795756,0.784164,0.774122,0.821491,0.640000
1190.000000,0.815340,0.800448,0.787804,0.775816,0.823827,1.020000
1191.000000,0.822659,0.804438,0.791425,0.778087,0.827720,0.890000
1192.000000,0.827798,0.808702,0.795396,0.780021,0.832976,0.620000
1193.000000,0.831302,0.814795,0.799796,0.782915,0.850496,1.250000
1194.000000,0.835935,0.820518,0.803679,0.785588,0.844656,0.780000
1195.000000,0.843060,0.829200,0.807504,0.789546,0.859451,0.850000
1196.000000,0.852988,0.837824,0.811855,0.794335,0.877360,1.080000
1197.000000,0.863344,0.845571,0.816673,0.799410,0.884758,0.832000
1198.000000,0.870274,0.850788,0.821491,0.803854,0.885147,0.570000
1199.000000,0.878606,0.857271,0.826514,0.808533,0.886315,0.580000
1200.000000,0.883512,0.863286,0.831867,0.812965,0.883979,0.710000
1201.000000,0.884952,0.868970,0.836704,0.817273,0.884563,0.370800
1202.000000,0.888145,0.875745,0.842223,0.822179,0.900720,1.120000
1203.000000,0.888690,0.879482,0.847138,0.826358,0.887872,0.980000
1204.000000,0.890559,0.884582,0.852550,0.830647,0.895659,0.935000
1205.000000,0.894530,0.889021,0.859110,0.834677,0.903835,0.790000
1206.000000,0.896671,0.890812,0.864318,0.838174,0.895270,0.899000
1207.000000,0.893440,0.890792,0.868182,0.841380,0.884563,0.870000
1208.000000,0.895698,0.892194,0.871491,0.845059,0.899163,0.960000
1209.000000,0.895114,0.892836,0.875054,0.848621,0.892739,0.979400
1210.000000,0.894647,0.894588,0.878937,0.852774,0.901499,0.660000
1211.000000,0.896009,0.896340,0.882655,0.856583,0.902083,0.480000
1212.000000,0.899319,0.896379,0.886062,0.860275,0.901110,0.650000
1213.000000,0.900097,0.897898,0.888690,0.864058,0.903056,0.859900
1214.000000,0.900798,0.897956,0.891269,0.867685,0.896243,0.742500
1215.000000,0.900759,0.897703,0.893362,0.871975,0.901304,1.360000
1216.000000,0.897839,0.896924,0.893868,0.875187,0.887483,1.195000
1217.000000,0.898306,0.898813,0.894802,0.878392,0.903446,1.100000
1218.000000,0.896321,0.898209,0.895201,0.880397,0.893128,2.144800
1219.000000,0.915554,0.908176,0.900506,0.886094,0.992408,5.680000
1220.000000,0.931439,0.916099,0.905344,0.891324,0.980728,1.490000
1221.000000,0.946272,0.922056,0.909198,0.895789,0.961651,1.040000
1222.000000,0.957952,0.928129,0.912254,0.900084,0.961845,1.879000
1223.000000,0.973448,0.934884,0.916391,0.904088,0.970605,1.640000
1224.000000,0.969204,0.942379,0.920167,0.908306,0.971189,1.205000
1225.000000,0.966401,0.948920,0.923311,0.911881,0.966712,0.913500
1226.000000,0.964493,0.955383,0.926153,0.914373,0.952112,1.410000
1227.000000,0.961067,0.959509,0.929161,0.916371,0.944715,0.810000
1228.000000,0.954837,0.964142,0.931176,0.918182,0.939459,0.580000
1229.000000,0.948997,0.959101,0.933638,0.920038,0.941989,0.730000
1230.000000,0.944364,0.955383,0.935741,0.922023,0.943547,0.770000
1231.000000,0.944715,0.954604,0.938330,0.924333,0.953864,0.770000
1232.000000,0.949854,0.955460,0.941795,0.926656,0.970411,1.170000
1233.000000,0.953825,0.954331,0.944608,0.929038,0.959315,0.780000
1234.000000,0.957096,0.953047,0.947713,0.931127,0.958341,1.070000
1235.000000,0.959042,0.951703,0.950311,0.932775,0.953280,0.964000
1236.000000,0.962352,0.953533,0.954458,0.935280,0.970411,1.030000
1237.000000,0.964882,0.957368,0.958439,0.938563,0.983064,0.780000
1238.000000,0.971501,0.962663,0.963403,0.941672,0.992408,1.814500
1239.000000,0.978042,0.967569,0.963335,0.944948,0.991045,1.130000
1240.000000,0.987386,0.973214,0.964298,0.948232,1.000000,1.440000
1241.000000,0.991980,0.977166,0.965885,0.951275,0.993381,1.293900
1242.000000,0.992642,0.978762,0.967111,0.954117,0.986373,0.775000
1243.000000,0.990111,0.980806,0.967569,0.956674,0.979755,0.770000
1244.000000,0.988476,0.983259,0.968153,0.959561,0.982869,0.725000
1245.000000,0.982947,0.985166,0.968435,0.961930,0.972357,0.810000
