0.000000,0.069150,0.068855,0.069290,0.068067,0.071539,0.350000
1.000000,0.070218,0.069276,0.069410,0.068391,0.073085,0.230000
2.000000,0.072045,0.070162,0.069796,0.068873,0.077723,0.370000
3.000000,0.074013,0.071075,0.070169,0.069342,0.078004,0.100000
4.000000,0.075587,0.071989,0.070555,0.069787,0.077583,0.110000
5.000000,0.077020,0.073085,0.070991,0.070223,0.078707,0.080000
6.000000,0.078932,0.074575,0.071588,0.070841,0.082642,0.300000
7.000000,0.079466,0.075755,0.072164,0.071309,0.080394,0.200000
8.000000,0.079747,0.076880,0.072706,0.071769,0.079410,0.229900
9.000000,0.080675,0.078131,0.073359,0.072186,0.082221,0.270000
10.000000,0.081265,0.079143,0.073999,0.072574,0.081658,0.090000
11.000000,0.081293,0.080112,0.074694,0.072977,0.082783,0.140000
12.000000,0.081490,0.080478,0.075320,0.073357,0.081377,0.113400
13.000000,0.082361,0.081054,0.076065,0.073797,0.083767,0.360000
14.000000,0.082417,0.081546,0.076767,0.074219,0.082502,0.160000
15.000000,0.082586,0.081926,0.077505,0.074636,0.082502,0.089000
16.000000,0.082417,0.081855,0.078215,0.075011,0.081940,0.080000
17.000000,0.082923,0.082207,0.078981,0.075512,0.083907,0.160000
18.000000,0.082923,0.082642,0.079761,0.076018,0.083767,0.170000
19.000000,0.083148,0.082783,0.080457,0.076500,0.083626,0.060000
20.000000,0.083457,0.083022,0.081082,0.077006,0.084048,0.060000
21.000000,0.085875,0.084146,0.082129,0.077845,0.094027,0.810000
22.000000,0.087561,0.085242,0.082860,0.078627,0.092340,0.200000
23.000000,0.090907,0.086915,0.083985,0.079681,0.100492,0.669900
24.000000,0.094167,0.088658,0.085102,0.080731,0.099930,0.130000
25.000000,0.097428,0.090443,0.086184,0.081818,0.100351,0.150000
26.000000,0.100801,0.093338,0.087597,0.083256,0.110892,0.860000
27.000000,0.102853,0.095207,0.088707,0.084390,0.102600,0.890000
28.000000,0.103500,0.097203,0.089923,0.085575,0.103725,0.360000
29.000000,0.103331,0.098749,0.090766,0.086554,0.099086,0.810000
30.000000,0.103106,0.100267,0.091644,0.087477,0.099227,0.300000
31.000000,0.102431,0.101616,0.092881,0.088625,0.107519,0.690000
32.000000,0.103753,0.103303,0.094273,0.089674,0.109206,0.360000
33.000000,0.104174,0.103837,0.095376,0.090602,0.105833,0.420000
34.000000,0.105552,0.104441,0.096550,0.091548,0.105973,0.270000
35.000000,0.107210,0.105158,0.097800,0.092509,0.107519,0.162400
36.000000,0.107266,0.104849,0.099093,0.093347,0.107800,0.510000
37.000000,0.107632,0.105692,0.100450,0.094369,0.111033,0.400000
38.000000,0.109937,0.107056,0.102129,0.095634,0.117358,0.530000
39.000000,0.111961,0.108756,0.103753,0.096763,0.116093,0.399000
40.000000,0.113703,0.110457,0.105362,0.097915,0.116233,0.410000
41.000000,0.116992,0.112129,0.106873,0.099297,0.124245,0.929000
42.000000,0.121518,0.114575,0.108939,0.101040,0.133661,1.110000
43.000000,0.125032,0.117484,0.110661,0.102745,0.134926,0.150000
44.000000,0.128489,0.120225,0.112333,0.104441,0.133380,0.280000
45.000000,0.132059,0.122881,0.114020,0.106161,0.134083,0.198000
46.000000,0.134673,0.125833,0.115341,0.108007,0.137316,0.370000
47.000000,0.135460,0.128489,0.117091,0.109796,0.137597,0.149900
48.000000,0.135966,0.130499,0.118777,0.111586,0.137456,0.160000
49.000000,0.136585,0.132537,0.120647,0.113347,0.136472,0.370000
50.000000,0.135854,0.133956,0.122207,0.114893,0.130429,0.750000
51.000000,0.135854,0.135264,0.123696,0.116336,0.137316,0.610000
52.000000,0.134954,0.135207,0.124891,0.117695,0.133099,0.520000
53.000000,0.135151,0.135559,0.126521,0.118960,0.138440,0.420000
54.000000,0.135264,0.135924,0.128074,0.120197,0.137034,0.208000
55.000000,0.138356,0.137105,0.129993,0.121715,0.145889,0.640000
56.000000,0.139396,0.137625,0.131729,0.122769,0.142516,1.049900
57.000000,0.141476,0.138215,0.133352,0.124132,0.143500,0.375400
58.000000,0.142488,0.138819,0.134659,0.125458,0.143500,0.230000
59.000000,0.143500,0.139382,0.135959,0.126892,0.142094,0.360000
60.000000,0.140970,0.139663,0.136810,0.128025,0.133240,1.040000
61.000000,0.141026,0.140211,0.137737,0.129201,0.142797,0.960000
62.000000,0.140885,0.141181,0.138194,0.130321,0.142797,0.580000
63.000000,0.140829,0.141658,0.138609,0.131567,0.143219,0.230000
64.000000,0.141138,0.142319,0.139122,0.132823,0.143640,0.520000
65.000000,0.142572,0.141771,0.139438,0.133919,0.140408,0.540000
66.000000,0.142488,0.141757,0.139691,0.135071,0.142375,0.379000
67.000000,0.143921,0.142403,0.140309,0.136369,0.149965,0.720000
68.000000,0.145271,0.143050,0.140935,0.137456,0.149965,0.268000
69.000000,0.146648,0.143893,0.141637,0.138604,0.150527,0.310000
70.000000,0.146030,0.144301,0.141982,0.139307,0.137316,1.190000
71.000000,0.147210,0.144849,0.142530,0.140108,0.148278,0.890000
72.000000,0.146423,0.145172,0.143176,0.140520,0.146030,0.430000
73.000000,0.143247,0.144259,0.142959,0.140492,0.134083,1.359000
74.000000,0.141926,0.144287,0.143303,0.140843,0.143921,0.886600
75.000000,0.143275,0.144652,0.143212,0.141176,0.144062,0.585000
76.000000,0.142431,0.144821,0.143289,0.141401,0.144062,0.350000
77.000000,0.141841,0.144132,0.143268,0.141584,0.143078,0.430000
78.000000,0.145130,0.144188,0.143619,0.142019,0.150527,0.730000
79.000000,0.147266,0.144596,0.144245,0.142624,0.154603,0.760000
80.000000,0.149740,0.146507,0.145404,0.143490,0.156430,0.439900
81.000000,0.153563,0.147997,0.146423,0.144352,0.163176,0.620000
82.000000,0.157189,0.149515,0.147344,0.145289,0.161209,0.670000
83.000000,0.160450,0.152790,0.148524,0.146236,0.166831,0.590000
84.000000,0.163008,0.155137,0.149712,0.147248,0.167393,0.310000
85.000000,0.165032,0.157386,0.151019,0.147936,0.166550,0.250000
86.000000,0.166297,0.159930,0.152375,0.148836,0.169501,0.599000
87.000000,0.167337,0.162263,0.153197,0.149599,0.166409,0.480000
88.000000,0.166325,0.163387,0.153788,0.150208,0.161771,1.290000
89.000000,0.165509,0.164259,0.154427,0.150916,0.163317,0.680000
90.000000,0.165200,0.165116,0.155812,0.151975,0.165004,0.250000
91.000000,0.164638,0.165467,0.156732,0.152771,0.166690,0.220000
92.000000,0.165734,0.166535,0.158025,0.153741,0.171890,0.679000
93.000000,0.167477,0.166901,0.159845,0.154650,0.170485,0.280000
94.000000,0.169361,0.167435,0.161286,0.155620,0.172734,0.370000
95.000000,0.170625,0.167913,0.162649,0.156650,0.171328,0.570000
96.000000,0.171441,0.168039,0.163985,0.157597,0.170766,0.310000
97.000000,0.170878,0.168306,0.165285,0.158234,0.169079,0.690000
98.000000,0.172340,0.169909,0.166648,0.159161,0.177793,1.330000
99.000000,0.173605,0.171483,0.167871,0.160112,0.179058,0.460000
100.000000,0.174364,0.172495,0.168805,0.161373,0.175123,0.959000
101.000000,0.174308,0.172874,0.169171,0.162113,0.170485,0.680000
102.000000,0.174420,0.172649,0.169592,0.162900,0.169642,0.370000
103.000000,0.171103,0.171722,0.169311,0.163804,0.161209,0.690000
104.000000,0.168770,0.171188,0.169311,0.164587,0.167393,0.500000
105.000000,0.167309,0.170836,0.169375,0.165378,0.167814,0.499000
106.000000,0.164891,0.169599,0.168819,0.165856,0.158398,0.720000
107.000000,0.163739,0.169079,0.168693,0.166550,0.163879,0.910000
108.000000,0.164666,0.167885,0.168897,0.167060,0.165847,0.330000
109.000000,0.164751,0.166760,0.169122,0.167501,0.167814,0.360000
110.000000,0.164947,0.166128,0.169311,0.167913,0.168798,0.520000
111.000000,0.166999,0.165945,0.169410,0.168096,0.168658,0.460000
112.000000,0.168236,0.165987,0.169318,0.168391,0.170063,0.440000
113.000000,0.167871,0.166268,0.168995,0.168297,0.164020,0.545000
114.000000,0.167393,0.166072,0.168630,0.168231,0.165425,0.309000
115.000000,0.167674,0.166311,0.168573,0.168353,0.170204,0.500000
116.000000,0.166662,0.166831,0.168215,0.168156,0.163598,0.530000
117.000000,0.163992,0.166114,0.167597,0.167833,0.156711,0.640000
118.000000,0.163233,0.165552,0.166718,0.167782,0.160225,0.680000
119.000000,0.161771,0.164582,0.165671,0.167608,0.158117,0.487000
120.000000,0.158060,0.162867,0.164498,0.167163,0.151651,1.210000
121.000000,0.156486,0.161574,0.163760,0.166798,0.155727,0.450000
122.000000,0.157386,0.160689,0.163338,0.166442,0.161209,0.570000
123.000000,0.158819,0.161026,0.163647,0.166339,0.167393,0.560000
124.000000,0.161658,0.161715,0.163893,0.166325,0.172312,0.670000
125.000000,0.166578,0.162319,0.164315,0.166489,0.176247,0.460000
126.000000,0.170710,0.163598,0.165214,0.166676,0.176388,0.419000
127.000000,0.174336,0.165861,0.165987,0.167018,0.179339,0.300000
128.000000,0.177428,0.168124,0.166838,0.167187,0.182853,0.444900
129.000000,0.180070,0.170864,0.167723,0.167402,0.185524,0.400000
130.000000,0.181223,0.173900,0.168384,0.167632,0.182010,1.580000
131.000000,0.183556,0.177133,0.169353,0.168217,0.188053,0.540000
132.000000,0.185720,0.180028,0.170358,0.168901,0.190162,0.280000
133.000000,0.188447,0.182937,0.171982,0.170077,0.196486,0.680000
134.000000,0.190387,0.185228,0.173472,0.171005,0.195221,0.370000
135.000000,0.192944,0.187084,0.174701,0.171904,0.194800,0.379900
136.000000,0.193760,0.188658,0.176128,0.173029,0.192129,0.290000
137.000000,0.193479,0.189599,0.177730,0.173858,0.188756,0.580000
138.000000,0.192551,0.190499,0.179311,0.174725,0.191848,0.420000
139.000000,0.191848,0.191117,0.180991,0.175521,0.191708,0.400000
140.000000,0.191314,0.192129,0.183015,0.176299,0.192129,0.270000
141.000000,0.190808,0.192284,0.184708,0.176997,0.189599,1.070000
142.000000,0.190864,0.192171,0.186100,0.177629,0.189037,0.489900
143.000000,0.190330,0.191441,0.187189,0.178468,0.189178,0.259900
144.000000,0.190949,0.191398,0.188313,0.179447,0.194800,0.490000
145.000000,0.191567,0.191441,0.189262,0.180281,0.195221,0.361000
146.000000,0.192916,0.191862,0.190260,0.181373,0.196346,0.320000
147.000000,0.194153,0.192509,0.191054,0.182656,0.195221,0.240000
148.000000,0.194968,0.192649,0.191574,0.183757,0.193254,0.306000
149.000000,0.193872,0.192410,0.191764,0.184797,0.189318,0.320000
150.000000,0.191483,0.191525,0.191827,0.185851,0.183275,0.460000
151.000000,0.187182,0.190049,0.191167,0.186489,0.174842,0.878000
152.000000,0.182572,0.188363,0.190267,0.186854,0.172171,0.710000
153.000000,0.179030,0.186999,0.189220,0.187126,0.175545,0.610000
154.000000,0.176585,0.185228,0.188313,0.187285,0.177091,0.260000
155.000000,0.176444,0.183963,0.187702,0.187496,0.182572,0.490000
156.000000,0.178833,0.183008,0.187435,0.187843,0.186788,0.680000
157.000000,0.181785,0.182178,0.187344,0.188096,0.186929,0.910000
158.000000,0.184343,0.181687,0.187168,0.188278,0.188335,0.210000
159.000000,0.186254,0.181420,0.186915,0.188316,0.186648,0.340000
160.000000,0.187070,0.181757,0.186641,0.188470,0.186648,0.200000
161.000000,0.188025,0.183429,0.186739,0.188587,0.191567,0.400000
162.000000,0.188391,0.185088,0.186725,0.188541,0.188756,0.362600
163.000000,0.188897,0.186620,0.186810,0.188353,0.190864,0.330000
164.000000,0.186648,0.186451,0.185840,0.187693,0.175404,1.190000
165.000000,0.185046,0.186058,0.185011,0.187154,0.178637,0.450000
166.000000,0.183612,0.185819,0.184413,0.186896,0.184399,0.530000
167.000000,0.183134,0.185762,0.183970,0.186817,0.186367,0.210000
168.000000,0.182319,0.185608,0.183647,0.186648,0.186788,0.360000
169.000000,0.185945,0.186297,0.183858,0.186709,0.193535,0.480000
170.000000,0.189178,0.187112,0.184434,0.186798,0.194800,0.330000
171.000000,0.191089,0.187351,0.185390,0.186943,0.193956,0.450000
172.000000,0.193928,0.188531,0.186810,0.187327,0.200562,0.781500
173.000000,0.200703,0.191511,0.189065,0.188377,0.220661,1.480000
174.000000,0.209164,0.197554,0.192003,0.189745,0.235840,1.170000
175.000000,0.219283,0.204230,0.195144,0.191417,0.245397,1.078700
176.000000,0.230696,0.210892,0.198356,0.193240,0.251019,0.840000
177.000000,0.242136,0.218032,0.201897,0.195324,0.257765,0.940000
178.000000,0.250991,0.225847,0.205727,0.197714,0.264933,0.830000
179.000000,0.256810,0.232987,0.209642,0.200234,0.264933,0.889000
180.000000,0.260942,0.240112,0.213612,0.202994,0.266058,0.670000
181.000000,0.261588,0.246142,0.216746,0.205641,0.254252,1.379000
182.000000,0.263022,0.252579,0.220555,0.208733,0.264933,1.180000
183.000000,0.263949,0.257470,0.224491,0.211867,0.269571,1.210000
184.000000,0.267070,0.261940,0.229747,0.215315,0.280534,0.880000
185.000000,0.271061,0.266001,0.235116,0.218763,0.286015,0.850000
186.000000,0.280365,0.270977,0.240935,0.222563,0.300773,1.770000
187.000000,0.288714,0.275868,0.246950,0.226554,0.306676,1.495700
188.000000,0.297625,0.280787,0.253317,0.230747,0.314125,0.870000
189.000000,0.303753,0.285411,0.259199,0.234898,0.311174,1.370000
190.000000,0.305383,0.288222,0.264167,0.238482,0.294167,1.950000
191.000000,0.295854,0.288110,0.267126,0.240534,0.253127,2.939000
192.000000,0.284947,0.286831,0.269705,0.242647,0.252143,0.499900
193.000000,0.269909,0.283767,0.270618,0.244249,0.238932,0.980000
194.000000,0.258159,0.280956,0.271448,0.246817,0.252424,1.050000
195.000000,0.252649,0.279016,0.272509,0.249749,0.266620,1.210000
196.000000,0.257793,0.276824,0.273900,0.252898,0.278848,1.000000
197.000000,0.264961,0.274954,0.275411,0.256285,0.287983,1.490000
198.000000,0.274856,0.272382,0.276585,0.259672,0.288405,0.600000
199.000000,0.282980,0.270569,0.277990,0.262989,0.293043,0.830000
200.000000,0.290597,0.271623,0.279923,0.266653,0.304708,1.140000
201.000000,0.294561,0.276177,0.282143,0.270143,0.298665,0.850000
202.000000,0.298609,0.281785,0.284308,0.273732,0.308222,0.940000
203.000000,0.302684,0.288770,0.286268,0.276669,0.308784,0.640000
204.000000,0.305805,0.294392,0.287674,0.279096,0.308644,1.220000
205.000000,0.305299,0.297948,0.288482,0.280989,0.302178,0.850000
206.000000,0.312242,0.303401,0.290112,0.283734,0.333380,2.760000
207.000000,0.320365,0.309487,0.292221,0.286770,0.348840,1.400000
208.000000,0.327421,0.315053,0.293717,0.289407,0.344062,0.838100
209.000000,0.333127,0.319466,0.295018,0.291815,0.337175,1.160000
210.000000,0.339058,0.322178,0.296901,0.294008,0.331834,2.401000
211.000000,0.340689,0.326465,0.301321,0.296917,0.341532,1.270000
212.000000,0.340548,0.330457,0.306121,0.299691,0.348138,1.359900
213.000000,0.338974,0.333197,0.310984,0.301911,0.336191,1.379000
214.000000,0.340126,0.336627,0.315509,0.303992,0.342937,0.720000
215.000000,0.340632,0.339845,0.318897,0.305603,0.334364,1.410000
216.000000,0.348587,0.344638,0.324020,0.308288,0.381307,4.730000
217.000000,0.354575,0.347561,0.328524,0.310668,0.378074,1.360000
218.000000,0.363823,0.351398,0.333226,0.312944,0.382431,1.040000
219.000000,0.373970,0.357048,0.338257,0.315695,0.393675,1.670000
220.000000,0.387491,0.364062,0.343120,0.319288,0.401968,0.950000
221.000000,0.390134,0.369361,0.347913,0.324001,0.394519,0.648000
222.000000,0.392073,0.373324,0.351890,0.328522,0.387772,1.290000
223.000000,0.395249,0.379536,0.356367,0.333835,0.398313,1.140000
224.000000,0.396655,0.385313,0.360970,0.338777,0.400703,0.709000
225.000000,0.394912,0.391202,0.365524,0.342998,0.393254,1.239900
226.000000,0.396065,0.393099,0.368869,0.347046,0.400281,1.139900
227.000000,0.398595,0.395334,0.371448,0.350794,0.400422,0.420000
228.000000,0.400028,0.397639,0.374519,0.354697,0.405481,0.900000
229.000000,0.405004,0.400829,0.378939,0.359115,0.425580,2.119600
230.000000,0.409389,0.402150,0.383106,0.362797,0.415179,1.560000
231.000000,0.419564,0.407814,0.388587,0.367880,0.451160,3.050000
232.000000,0.428840,0.413717,0.393521,0.372499,0.446803,2.837600
233.000000,0.438819,0.419424,0.399480,0.377386,0.455376,1.230000
234.000000,0.441602,0.423303,0.404308,0.381747,0.439494,2.050000
235.000000,0.449136,0.429262,0.410232,0.386770,0.452846,1.620000
236.000000,0.446606,0.433085,0.413092,0.390274,0.438510,1.330000
237.000000,0.443879,0.436360,0.415847,0.393085,0.433169,2.340000
238.000000,0.434575,0.436697,0.417168,0.395245,0.408855,2.490000
239.000000,0.425636,0.433619,0.417224,0.397166,0.394800,1.340000
240.000000,0.418356,0.433746,0.417948,0.399986,0.416444,3.470000
241.000000,0.413605,0.430105,0.418960,0.402427,0.414758,1.160000
242.000000,0.410457,0.427168,0.420443,0.404736,0.417428,1.760000
243.000000,0.412762,0.423668,0.421546,0.407543,0.420379,1.020000
244.000000,0.420408,0.423022,0.423162,0.410546,0.433029,1.410000
245.000000,0.430387,0.424371,0.426817,0.414945,0.466339,2.790000
246.000000,0.440534,0.427070,0.430077,0.417751,0.465495,1.319900
247.000000,0.450597,0.430527,0.433443,0.420740,0.467744,0.520000
248.000000,0.460689,0.436725,0.436711,0.423687,0.470836,0.350000
249.000000,0.465945,0.443176,0.438398,0.425875,0.459311,1.280000
250.000000,0.464961,0.447674,0.440710,0.427857,0.461420,1.020000
251.000000,0.464905,0.452720,0.441413,0.430213,0.465214,0.890000
252.000000,0.464146,0.457372,0.442270,0.432752,0.463949,0.850000
253.000000,0.463415,0.462052,0.442860,0.435048,0.467182,0.910000
254.000000,0.462994,0.464469,0.443746,0.436931,0.457203,1.580000
255.000000,0.462488,0.463725,0.444048,0.439119,0.458890,1.162400
256.000000,0.463387,0.464146,0.445608,0.441434,0.469712,1.700000
257.000000,0.467660,0.465903,0.448215,0.444263,0.485313,1.940000
258.000000,0.475390,0.469403,0.453064,0.447608,0.505833,2.180000
259.000000,0.484498,0.473746,0.458461,0.450180,0.502741,1.500000
260.000000,0.494589,0.478538,0.463106,0.453319,0.509346,1.440000
261.000000,0.504343,0.483865,0.468292,0.455563,0.518482,1.920000
262.000000,0.509150,0.488405,0.472888,0.457648,0.509346,1.114000
263.000000,0.509037,0.492214,0.477133,0.459311,0.505271,0.804200
264.000000,0.509403,0.496950,0.480710,0.461480,0.504568,0.913900
265.000000,0.505186,0.499888,0.481806,0.462661,0.488264,1.910000
266.000000,0.500267,0.502305,0.483226,0.464507,0.493886,2.390000
267.000000,0.496838,0.502994,0.484448,0.466475,0.492200,1.270000
268.000000,0.491328,0.500183,0.484793,0.468770,0.477723,2.730000
269.000000,0.491581,0.500492,0.487119,0.472471,0.505833,2.050000
270.000000,0.493661,0.499424,0.488981,0.475212,0.498665,0.990000
271.000000,0.496079,0.498173,0.491019,0.478253,0.505973,0.730000
272.000000,0.496922,0.496880,0.492642,0.480885,0.496416,1.150000
273.000000,0.497119,0.494223,0.493219,0.482830,0.478707,3.270000
274.000000,0.489782,0.490682,0.493816,0.484034,0.469150,1.984000
275.000000,0.481490,0.487576,0.493732,0.483729,0.457203,2.449900
276.000000,0.470330,0.483204,0.492755,0.483219,0.450176,1.097900
277.000000,0.472157,0.484540,0.493767,0.484479,0.505552,4.870000
278.000000,0.483682,0.490401,0.495292,0.486662,0.536332,2.740000
279.000000,0.495770,0.492776,0.496634,0.489004,0.529585,1.330000
280.000000,0.512916,0.497203,0.498313,0.491722,0.542937,1.466700
281.000000,0.538103,0.504216,0.501195,0.495418,0.576107,2.609000
282.000000,0.558229,0.515193,0.506037,0.500159,0.606184,2.150000
283.000000,0.576557,0.530119,0.512171,0.505519,0.627969,1.950000
284.000000,0.596346,0.546058,0.518370,0.511230,0.628531,2.110900
285.000000,0.615545,0.564230,0.525903,0.517231,0.638932,1.380000
286.000000,0.621841,0.579972,0.531588,0.521827,0.607590,3.200000
287.000000,0.619621,0.588925,0.536732,0.525486,0.595081,3.049000
288.000000,0.612228,0.594392,0.542396,0.528325,0.591005,2.170000
289.000000,0.607449,0.601897,0.547337,0.531722,0.604638,1.979300
290.000000,0.601434,0.608489,0.552846,0.535039,0.608855,0.990000
291.000000,0.600478,0.611160,0.557688,0.537850,0.602811,2.400000
292.000000,0.603261,0.611441,0.563317,0.541171,0.608995,2.820000
293.000000,0.609051,0.610639,0.570379,0.544994,0.619958,1.410000
294.000000,0.615039,0.611244,0.578651,0.549328,0.634575,1.230000
295.000000,0.619283,0.610358,0.587294,0.554055,0.630077,2.290000
296.000000,0.623106,0.611792,0.595882,0.558323,0.621926,2.150000
297.000000,0.628110,0.615685,0.602305,0.563050,0.634013,1.699000
298.000000,0.627210,0.618131,0.606261,0.567641,0.615460,1.980000
299.000000,0.621167,0.618103,0.610000,0.570925,0.604357,1.749000
300.000000,0.616022,0.617653,0.613071,0.574448,0.604357,1.570000
301.000000,0.612790,0.617948,0.614554,0.577775,0.605762,1.120000
302.000000,0.608320,0.618215,0.614828,0.581616,0.611665,2.839000
303.000000,0.608911,0.618060,0.614350,0.586273,0.618412,1.310000
304.000000,0.612734,0.616950,0.614097,0.591417,0.623472,2.320000
305.000000,0.616500,0.616261,0.613310,0.596950,0.623190,1.940000
306.000000,0.609866,0.611328,0.611560,0.601031,0.572593,4.625000
307.000000,0.589881,0.599100,0.607393,0.601237,0.511736,5.462700
308.000000,0.568180,0.588545,0.603338,0.600356,0.509909,3.260000
309.000000,0.546535,0.579635,0.598869,0.599878,0.515249,1.326200
310.000000,0.524357,0.570429,0.594041,0.598857,0.512298,1.580100
311.000000,0.508869,0.559368,0.588658,0.596158,0.495151,2.805000
312.000000,0.506929,0.548405,0.583310,0.592687,0.502038,1.130000
313.000000,0.508784,0.538482,0.578271,0.589061,0.519185,1.640000
314.000000,0.509431,0.527983,0.572467,0.585392,0.518482,1.690000
315.000000,0.506929,0.515643,0.565952,0.580754,0.499789,2.630000
316.000000,0.500604,0.504736,0.558032,0.575952,0.463528,3.809000
317.000000,0.488855,0.497892,0.548496,0.570892,0.443289,3.150000
318.000000,0.476711,0.492748,0.540647,0.566475,0.458468,1.770000
319.000000,0.472382,0.490907,0.535271,0.562881,0.496838,2.750000
320.000000,0.465299,0.486114,0.528271,0.558065,0.464371,2.970000
321.000000,0.459339,0.479972,0.519670,0.552429,0.433732,2.730000
322.000000,0.453942,0.471398,0.509902,0.546006,0.416304,2.519700
323.000000,0.449136,0.462923,0.500703,0.539822,0.434434,2.330000
324.000000,0.442389,0.457386,0.492684,0.534106,0.463106,2.330000
325.000000,0.441771,0.453535,0.484589,0.528480,0.461279,1.957700
326.000000,0.449557,0.454448,0.479592,0.523504,0.472663,1.890000
327.000000,0.467070,0.460506,0.479199,0.519166,0.503865,2.520000
328.000000,0.477639,0.463387,0.478067,0.514893,0.487280,1.860000
329.000000,0.482446,0.462417,0.476662,0.510986,0.487140,2.418900
330.000000,0.484188,0.462980,0.474547,0.506507,0.469993,1.520000
331.000000,0.483401,0.466479,0.473226,0.501940,0.468728,2.649900
332.000000,0.481152,0.474111,0.472755,0.497971,0.492621,3.047200
333.000000,0.480759,0.479199,0.471061,0.493535,0.485313,1.450000
334.000000,0.479972,0.481209,0.469297,0.488859,0.483204,2.030000
335.000000,0.481940,0.483064,0.468299,0.484081,0.479831,1.420000
336.000000,0.486268,0.484835,0.469642,0.481340,0.490372,1.999500
337.000000,0.487224,0.484188,0.472347,0.480862,0.497400,2.370000
338.000000,0.485734,0.483247,0.473317,0.479794,0.477864,3.159900
339.000000,0.488517,0.484245,0.473331,0.479190,0.497119,4.680000
340.000000,0.493408,0.487674,0.475327,0.478922,0.504287,1.860000
341.000000,0.499845,0.493057,0.479768,0.479836,0.522558,1.739900
342.000000,0.503443,0.495334,0.484722,0.480281,0.515390,1.180000
343.000000,0.507800,0.496767,0.487983,0.479630,0.499649,1.540000
344.000000,0.510555,0.499536,0.490372,0.479377,0.510892,1.860000
345.000000,0.512635,0.503022,0.493043,0.479874,0.514687,1.049000
346.000000,0.512045,0.505945,0.495390,0.481743,0.519606,1.330000
347.000000,0.512157,0.507800,0.495994,0.484165,0.515952,1.590000
348.000000,0.514912,0.511356,0.497301,0.485997,0.513422,1.010000
349.000000,0.517948,0.514252,0.499248,0.486971,0.526072,1.270000
350.000000,0.522333,0.517484,0.502579,0.489379,0.536613,1.485000
351.000000,0.533942,0.522994,0.508025,0.494177,0.577653,3.030000
352.000000,0.545748,0.528953,0.512143,0.499466,0.574982,1.578300
353.000000,0.556992,0.535952,0.516360,0.503973,0.569642,1.081000
354.000000,0.569220,0.543584,0.521560,0.508110,0.587210,2.020000
355.000000,0.580408,0.551370,0.527196,0.512485,0.592551,1.050000
356.000000,0.584708,0.559325,0.532635,0.516702,0.599157,0.960000
357.000000,0.596852,0.571300,0.539550,0.521096,0.635699,3.319000
358.000000,0.612509,0.584751,0.548053,0.526451,0.647927,1.877300
359.000000,0.624399,0.596810,0.555531,0.531769,0.646662,0.965000
360.000000,0.640112,0.610260,0.563872,0.538473,0.671117,2.550000
361.000000,0.656079,0.620394,0.571694,0.545481,0.678988,1.452500
362.000000,0.665018,0.630935,0.579944,0.551740,0.680394,1.040000
363.000000,0.669852,0.641181,0.588566,0.557967,0.672101,1.380000
364.000000,0.671736,0.648067,0.595826,0.563729,0.656079,2.749000
365.000000,0.670921,0.655517,0.603443,0.569970,0.667041,1.720000
366.000000,0.667800,0.661940,0.610632,0.575737,0.663387,1.139900
367.000000,0.664596,0.664807,0.618053,0.581302,0.664371,1.190000
368.000000,0.663472,0.666662,0.625706,0.587590,0.666479,1.090000
369.000000,0.672129,0.671933,0.634371,0.594331,0.699368,2.710000
370.000000,0.678595,0.674758,0.642509,0.600834,0.699368,1.911100
371.000000,0.681181,0.674491,0.647442,0.605959,0.676318,2.372000
372.000000,0.687196,0.675896,0.653415,0.611928,0.694448,2.290000
373.000000,0.688602,0.676037,0.658609,0.617723,0.673507,1.960000
374.000000,0.684835,0.678482,0.663275,0.623378,0.680534,1.210000
375.000000,0.684441,0.681518,0.668517,0.629468,0.697400,1.470000
376.000000,0.689613,0.685397,0.673668,0.635554,0.702178,1.010000
377.000000,0.694617,0.690907,0.677857,0.642338,0.719466,1.800000
378.000000,0.702769,0.695685,0.681174,0.649033,0.714266,1.472700
379.000000,0.704596,0.694715,0.683324,0.654486,0.689670,2.270000
380.000000,0.693212,0.688826,0.681792,0.657948,0.640478,5.040000
381.000000,0.683907,0.686760,0.680625,0.660548,0.655657,2.580000
382.000000,0.670077,0.682347,0.679122,0.663059,0.650316,2.470000
383.000000,0.659086,0.680928,0.678482,0.666048,0.659311,1.281900
384.000000,0.654392,0.679494,0.678988,0.668681,0.666198,0.840000
385.000000,0.658665,0.675938,0.678728,0.670991,0.661841,1.675000
386.000000,0.637273,0.660590,0.672994,0.669309,0.548700,8.620000
387.000000,0.611103,0.640590,0.665748,0.665435,0.519466,2.992000
388.000000,0.586592,0.622839,0.659262,0.661729,0.536753,1.820000
389.000000,0.559494,0.606943,0.650829,0.657864,0.530710,2.292900
390.000000,0.531665,0.595165,0.641996,0.652916,0.522699,1.550000
391.000000,0.525285,0.581279,0.634020,0.647510,0.516796,1.280000
392.000000,0.524610,0.567857,0.625102,0.642033,0.516093,1.100000
393.000000,0.521321,0.553956,0.617442,0.636974,0.520309,0.980000
394.000000,0.517920,0.538707,0.609100,0.632228,0.513703,0.620000
395.000000,0.517583,0.524624,0.600281,0.627360,0.521012,1.060000
396.000000,0.517161,0.521223,0.590907,0.622403,0.514687,1.440000
397.000000,0.508419,0.516514,0.578552,0.616004,0.472382,3.109900
398.000000,0.500070,0.510696,0.566767,0.609740,0.478566,1.000000
399.000000,0.498159,0.508039,0.557491,0.603233,0.504146,2.000000
400.000000,0.493436,0.505509,0.550337,0.596500,0.497400,1.430000
401.000000,0.491497,0.504329,0.542804,0.590789,0.504989,1.240000
402.000000,0.495292,0.501855,0.534856,0.584020,0.491356,1.430000
403.000000,0.498356,0.499213,0.526585,0.578032,0.493886,0.820000
404.000000,0.496781,0.497470,0.518089,0.571890,0.496275,0.934000
405.000000,0.495039,0.494238,0.509431,0.564933,0.488686,0.950000
406.000000,0.495910,0.493703,0.507463,0.558506,0.509346,1.550000
407.000000,0.506367,0.500829,0.508672,0.552645,0.543640,2.970000
408.000000,0.514125,0.506240,0.508468,0.546592,0.532677,1.620000
409.000000,0.528433,0.512607,0.510323,0.542530,0.567814,3.870000
410.000000,0.532930,0.513985,0.509747,0.538220,0.511174,5.370000
411.000000,0.533999,0.514954,0.509642,0.533521,0.514687,2.120000
412.000000,0.523823,0.515095,0.508475,0.528269,0.492762,2.100000
413.000000,0.519466,0.516796,0.508004,0.523322,0.510892,1.682800
414.000000,0.513647,0.521040,0.509255,0.519072,0.538721,2.030000
415.000000,0.522024,0.527477,0.510857,0.515446,0.553057,1.870000
416.000000,0.529613,0.531806,0.512755,0.515577,0.552635,2.150000
417.000000,0.540155,0.531989,0.516409,0.516444,0.545467,2.920000
418.000000,0.548672,0.534069,0.520155,0.517002,0.553479,1.420000
419.000000,0.550499,0.532073,0.522340,0.517573,0.547857,1.400000
420.000000,0.550949,0.536486,0.525235,0.518660,0.555306,0.970000
421.000000,0.546311,0.537962,0.526458,0.519082,0.529445,2.400000
422.000000,0.545945,0.543050,0.529072,0.520000,0.543640,1.550000
423.000000,0.546423,0.547547,0.532171,0.521185,0.555868,1.440000
424.000000,0.543078,0.546788,0.533914,0.521766,0.531131,1.922000
425.000000,0.542010,0.546479,0.536978,0.522731,0.549965,2.060000
426.000000,0.548756,0.547533,0.539670,0.524348,0.563176,1.430000
427.000000,0.551258,0.548602,0.540295,0.527140,0.556149,0.990000
428.000000,0.549628,0.548025,0.541047,0.529445,0.547716,1.170000
429.000000,0.557639,0.550358,0.541216,0.531680,0.571188,2.200000
430.000000,0.561940,0.551975,0.544230,0.534149,0.571469,1.176000
431.000000,0.564498,0.556627,0.547294,0.536514,0.575966,1.230000
432.000000,0.569501,0.560379,0.551715,0.539508,0.581167,1.340000
433.000000,0.582122,0.565875,0.556711,0.543406,0.610822,2.660000
434.000000,0.587632,0.572635,0.559712,0.546821,0.598735,1.760000
435.000000,0.596627,0.579283,0.562881,0.551080,0.616444,1.780000
436.000000,0.604638,0.584568,0.566051,0.554636,0.616022,1.570000
437.000000,0.614083,0.591792,0.570197,0.557461,0.628391,1.130000
438.000000,0.619592,0.600857,0.574441,0.560984,0.638370,2.240000
439.000000,0.628250,0.607941,0.579150,0.563457,0.642024,1.650000
440.000000,0.628897,0.612762,0.582368,0.567074,0.619677,2.080000
441.000000,0.628335,0.616486,0.586557,0.570358,0.613212,2.594000
442.000000,0.626339,0.620211,0.590295,0.574547,0.618412,2.100000
443.000000,0.617456,0.618524,0.592200,0.577316,0.593956,2.970000
444.000000,0.605453,0.616852,0.594743,0.578758,0.582010,1.680000
445.000000,0.601687,0.615292,0.597287,0.580351,0.600843,3.190000
446.000000,0.598173,0.613254,0.598911,0.581785,0.595643,1.330000
447.000000,0.593338,0.609838,0.600815,0.583411,0.594238,2.360000
448.000000,0.590668,0.604062,0.602460,0.584315,0.580604,2.430000
449.000000,0.588559,0.597006,0.602474,0.585102,0.571469,2.920000
450.000000,0.581673,0.591680,0.602221,0.585472,0.566409,1.702100
451.000000,0.579649,0.588911,0.602699,0.587341,0.585524,3.840000
452.000000,0.582235,0.587786,0.603999,0.589459,0.607168,1.630000
453.000000,0.589571,0.590119,0.604322,0.591506,0.617287,1.500000
454.000000,0.601658,0.595109,0.605980,0.594865,0.631904,1.910000
455.000000,0.614083,0.597878,0.606585,0.597484,0.628531,1.390000
456.000000,0.635559,0.607604,0.610429,0.601808,0.692902,5.250000
457.000000,0.652762,0.617498,0.613668,0.606376,0.693183,1.690000
458.000000,0.673956,0.631764,0.617913,0.612228,0.723261,2.540000
459.000000,0.697006,0.649332,0.623169,0.618093,0.747154,2.110000
460.000000,0.718848,0.666465,0.629072,0.623636,0.737737,2.770000
461.000000,0.737372,0.686465,0.637688,0.630621,0.785524,5.540000
462.000000,0.758173,0.705467,0.646627,0.637822,0.797189,1.971000
463.000000,0.775207,0.724582,0.657351,0.644409,0.808433,2.720000
464.000000,0.783893,0.740450,0.667779,0.650803,0.790583,3.500000
465.000000,0.785748,0.752298,0.675088,0.655156,0.747013,4.430000
466.000000,0.771975,0.754673,0.681138,0.658510,0.716655,7.250000
467.000000,0.753563,0.755868,0.686683,0.661068,0.705130,1.690000
468.000000,0.737512,0.756360,0.694062,0.664062,0.728180,1.879000
469.000000,0.719972,0.751933,0.700632,0.666090,0.702881,2.850000
470.000000,0.710358,0.748053,0.707259,0.668733,0.698946,1.250000
471.000000,0.702741,0.737358,0.711911,0.670911,0.678566,2.760000
472.000000,0.693493,0.723528,0.714498,0.672260,0.658890,2.270000
473.000000,0.678960,0.708236,0.716409,0.674312,0.655517,2.570000
474.000000,0.669656,0.694814,0.717632,0.676791,0.656360,1.340000
475.000000,0.661532,0.685945,0.719122,0.678707,0.658327,1.500000
476.000000,0.656669,0.679705,0.717189,0.680661,0.654252,1.770000
477.000000,0.652874,0.673183,0.714526,0.682183,0.639916,3.660000
478.000000,0.657906,0.668433,0.712396,0.685519,0.680675,3.540000
479.000000,0.661560,0.665608,0.708770,0.688958,0.674631,1.720000
480.000000,0.669065,0.665299,0.706676,0.693272,0.695854,2.240000
481.000000,0.676318,0.666493,0.701926,0.696772,0.690513,1.970000
482.000000,0.678595,0.665734,0.694631,0.698243,0.651300,3.352000
483.000000,0.673844,0.665875,0.687056,0.699564,0.656922,1.850000
484.000000,0.674097,0.667829,0.681321,0.701031,0.675896,1.870000
485.000000,0.668419,0.668742,0.677344,0.702328,0.667463,1.500000
486.000000,0.665692,0.671005,0.675355,0.701794,0.676880,2.029900
487.000000,0.670358,0.674476,0.673830,0.701176,0.674631,2.055600
488.000000,0.660436,0.667140,0.667786,0.697311,0.607309,5.500000
489.000000,0.643092,0.658595,0.662101,0.692045,0.589178,1.460000
490.000000,0.633394,0.650907,0.658103,0.688086,0.618974,3.450000
491.000000,0.620520,0.643106,0.654800,0.682319,0.612509,1.380000
492.000000,0.609417,0.639888,0.652811,0.676383,0.619115,1.560000
493.000000,0.607983,0.634209,0.650042,0.669440,0.600141,2.220000
494.000000,0.613577,0.628335,0.648082,0.663659,0.617147,1.450000
495.000000,0.615910,0.624652,0.646697,0.659780,0.630639,2.079900
496.000000,0.617512,0.619016,0.645011,0.656575,0.620520,1.619900
497.000000,0.618103,0.613760,0.644118,0.653807,0.622066,0.940000
498.000000,0.611918,0.609951,0.638545,0.648508,0.569220,4.770000
499.000000,0.607365,0.610471,0.634533,0.644891,0.594378,2.919900
500.000000,0.599663,0.607786,0.629346,0.641331,0.592129,1.969900
501.000000,0.596402,0.606957,0.625032,0.638852,0.604216,1.590000
502.000000,0.594350,0.606226,0.623057,0.637283,0.611806,1.540000
503.000000,0.601040,0.606479,0.620344,0.635521,0.602670,1.570000
504.000000,0.603823,0.605594,0.616964,0.633919,0.608292,1.310000
505.000000,0.606156,0.602909,0.613781,0.632101,0.603795,1.100000
506.000000,0.601377,0.598890,0.608953,0.629637,0.580323,3.199900
507.000000,0.600815,0.597583,0.605671,0.628606,0.608995,2.330000
508.000000,0.608489,0.604765,0.607358,0.627285,0.641040,2.390000
509.000000,0.615629,0.609726,0.610098,0.626264,0.643992,1.210000
510.000000,0.620604,0.613380,0.610583,0.624024,0.628672,2.100000
511.000000,0.628110,0.614743,0.610850,0.621602,0.617850,2.740000
512.000000,0.632607,0.616711,0.611469,0.620942,0.631483,2.250000
513.000000,0.624034,0.616261,0.611370,0.618983,0.598173,3.400000
514.000000,0.622741,0.619185,0.612389,0.617704,0.637526,3.340000
515.000000,0.627351,0.623978,0.613443,0.617180,0.651722,1.655000
516.000000,0.631567,0.629838,0.614364,0.615915,0.638932,1.574000
517.000000,0.632495,0.632551,0.615067,0.614631,0.636121,1.820000
518.000000,0.641265,0.632649,0.618707,0.615788,0.642024,1.360000
519.000000,0.651300,0.637020,0.623373,0.619072,0.687702,4.887000
520.000000,0.662431,0.644891,0.629136,0.622019,0.707379,3.730000
521.000000,0.674294,0.652930,0.633837,0.624877,0.698243,1.480000
522.000000,0.687927,0.660211,0.638461,0.627716,0.704287,1.950000
523.000000,0.692846,0.667056,0.641658,0.629932,0.666620,3.040000
524.000000,0.690119,0.670710,0.644947,0.631829,0.674069,2.230000
525.000000,0.687027,0.674729,0.649353,0.633872,0.691918,2.690000
526.000000,0.684413,0.679353,0.654596,0.636027,0.685172,1.659900
527.000000,0.691441,0.689684,0.661117,0.639939,0.739424,4.250000
528.000000,0.703725,0.698285,0.665467,0.645233,0.728039,1.850000
529.000000,0.723767,0.706943,0.671982,0.651230,0.774280,4.210000
530.000000,0.743219,0.715123,0.680007,0.657798,0.789178,2.099900
531.000000,0.765931,0.725172,0.689051,0.664282,0.798735,1.830000
532.000000,0.783022,0.737231,0.698721,0.671384,0.824877,2.140000
533.000000,0.799831,0.751778,0.709417,0.678365,0.812087,2.649900
534.000000,0.817091,0.770429,0.720569,0.686774,0.860576,4.340000
535.000000,0.834856,0.789037,0.731883,0.695915,0.878004,1.886000
536.000000,0.852987,0.809459,0.744406,0.706217,0.889389,1.520000
537.000000,0.865748,0.824385,0.757034,0.715540,0.888686,2.190000
538.000000,0.884469,0.842150,0.770218,0.724362,0.905692,1.709900
539.000000,0.893015,0.855053,0.780998,0.733005,0.903303,1.639900
540.000000,0.897934,0.866395,0.790759,0.742136,0.902600,1.540000
541.000000,0.903247,0.878117,0.801644,0.752073,0.915952,1.570000
542.000000,0.900914,0.883331,0.810281,0.760258,0.877020,3.010000
543.000000,0.896641,0.890555,0.821167,0.769796,0.884329,4.340000
544.000000,0.891019,0.892017,0.831223,0.777718,0.875193,1.690000
545.000000,0.885566,0.891750,0.840394,0.785172,0.875334,1.660000
546.000000,0.879719,0.891483,0.850471,0.793432,0.886718,2.209900
547.000000,0.881968,0.891441,0.857913,0.801836,0.888264,1.620000
548.000000,0.887056,0.891848,0.866999,0.810761,0.909768,1.855000
549.000000,0.890119,0.890569,0.872811,0.817522,0.890513,1.800000
550.000000,0.894448,0.890007,0.878201,0.823842,0.896978,1.670000
551.000000,0.900211,0.889965,0.884041,0.831085,0.915531,1.950000
552.000000,0.905355,0.893661,0.888496,0.838074,0.913985,2.500000
553.000000,0.906395,0.896725,0.893640,0.846353,0.914968,1.818400
554.000000,0.915053,0.902586,0.897301,0.855011,0.933802,1.890000
555.000000,0.927871,0.911160,0.901455,0.863982,0.961068,2.392000
556.000000,0.938412,0.919311,0.905397,0.873418,0.968236,1.860000
557.000000,0.948363,0.926859,0.909150,0.880895,0.963739,1.369800
558.000000,0.961630,0.934013,0.912930,0.889337,0.981307,2.409000
559.000000,0.970935,0.942994,0.916781,0.896205,0.980323,2.140000
560.000000,0.959747,0.943809,0.916908,0.900070,0.905130,5.799900
561.000000,0.951145,0.944779,0.917372,0.904287,0.925228,7.540000
562.000000,0.942544,0.945453,0.919557,0.907482,0.920731,3.970000
563.000000,0.937034,0.949332,0.923029,0.912204,0.953760,2.500000
564.000000,0.931300,0.951117,0.926852,0.915240,0.951651,1.840000
565.000000,0.936135,0.947941,0.929550,0.916950,0.929304,3.460000
566.000000,0.937709,0.944427,0.931869,0.918407,0.933099,2.230000
567.000000,0.940745,0.941644,0.934252,0.919981,0.935910,2.093000
568.000000,0.940857,0.938946,0.936479,0.921602,0.954322,2.659900
569.000000,0.947294,0.939297,0.941145,0.924287,0.983837,2.680000
570.000000,0.956037,0.946086,0.944947,0.926634,0.973015,2.790000
571.000000,0.969417,0.953563,0.949171,0.929435,1.000000,2.640000
572.000000,0.980604,0.960675,0.953064,0.933263,0.991848,2.350000
573.000000,0.986142,0.963500,0.956416,0.936519,0.982010,2.299900
574.000000,0.979789,0.963542,0.957330,0.939082,0.952073,3.169900
575.000000,0.974055,0.965046,0.956493,0.941382,0.944343,1.960000
576.000000,0.956458,0.962937,0.953682,0.942225,0.912017,3.520000
577.000000,0.945720,0.963162,0.952403,0.943888,0.938159,2.390000
578.000000,0.936894,0.961518,0.950232,0.944825,0.937878,2.060000
579.000000,0.933268,0.956528,0.947913,0.946273,0.933942,1.830000
580.000000,0.933858,0.953956,0.950021,0.947950,0.947294,2.309900
581.000000,0.940914,0.948686,0.951124,0.949009,0.947294,1.774900
582.000000,0.927280,0.936500,0.948587,0.947543,0.869993,6.990000
583.000000,0.911933,0.924413,0.943956,0.945748,0.861138,4.339900
584.000000,0.895994,0.914631,0.939086,0.943097,0.854252,2.600000
585.000000,0.868166,0.901012,0.933029,0.938000,0.808152,4.800000
586.000000,0.846015,0.893465,0.928201,0.933610,0.836543,2.340000
587.000000,0.842502,0.884891,0.924027,0.929899,0.852424,3.180000
588.000000,0.835952,0.873942,0.917730,0.924802,0.828391,2.930000
589.000000,0.834659,0.865327,0.910928,0.920384,0.847786,1.840000
590.000000,0.822122,0.845144,0.899550,0.915062,0.745467,7.640000
591.000000,0.808152,0.827084,0.887885,0.909777,0.766690,2.332000
592.000000,0.791848,0.817175,0.876838,0.904783,0.770907,1.260000
593.000000,0.776107,0.806030,0.865221,0.897981,0.749684,2.020000
594.000000,0.756543,0.795601,0.855116,0.891258,0.749965,1.670000
595.000000,0.757358,0.789740,0.845376,0.885266,0.749543,1.860000
596.000000,0.751876,0.780014,0.836739,0.878805,0.739283,1.340000
597.000000,0.751904,0.771876,0.828384,0.873310,0.771047,2.500000
598.000000,0.758819,0.767463,0.820703,0.867641,0.784259,2.070000
599.000000,0.764498,0.760520,0.812923,0.860792,0.778356,1.130000
600.000000,0.768433,0.762895,0.804020,0.853999,0.769220,1.583200
601.000000,0.776275,0.764076,0.795580,0.846615,0.778496,1.614500
602.000000,0.774055,0.762980,0.790077,0.838885,0.759944,2.459900
603.000000,0.772706,0.765762,0.785896,0.832068,0.777512,1.663000
604.000000,0.772677,0.768587,0.782094,0.826273,0.778215,1.130000
605.000000,0.775207,0.771820,0.780780,0.820857,0.781869,1.730000
606.000000,0.775770,0.776022,0.778018,0.816500,0.781307,1.710000
607.000000,0.781167,0.777611,0.774743,0.811459,0.786929,1.986700
608.000000,0.784118,0.778412,0.772937,0.806606,0.792270,1.260000
609.000000,0.784202,0.778440,0.769480,0.801429,0.778637,2.050000
610.000000,0.787041,0.781124,0.772010,0.796388,0.796065,2.150000
611.000000,0.790274,0.783022,0.773549,0.791394,0.797470,1.100000
612.000000,0.790190,0.785678,0.774329,0.788611,0.786507,1.260000
613.000000,0.791202,0.787660,0.776711,0.786484,0.797330,1.260000
614.000000,0.796290,0.790246,0.779417,0.784811,0.804076,0.970000
615.000000,0.797161,0.792101,0.781961,0.784554,0.800422,0.860000
616.000000,0.795868,0.793071,0.784547,0.783036,0.791005,1.759900
617.000000,0.799944,0.795067,0.786339,0.781518,0.806887,2.096500
618.000000,0.804469,0.797836,0.788124,0.781237,0.819958,1.590000
619.000000,0.811384,0.803837,0.791138,0.780932,0.838651,2.005000
620.000000,0.819086,0.808124,0.794624,0.784048,0.838932,0.836000
621.000000,0.833985,0.814926,0.798974,0.787341,0.865495,2.530000
622.000000,0.845538,0.822741,0.804209,0.790466,0.864652,1.260000
623.000000,0.852481,0.828475,0.808067,0.793966,0.854673,1.709000
624.000000,0.852706,0.832045,0.811145,0.796959,0.839775,2.575000
625.000000,0.850625,0.834856,0.813479,0.799592,0.828531,2.220000
626.000000,0.839916,0.836950,0.815011,0.802015,0.811947,2.860000
627.000000,0.834069,0.839803,0.817435,0.804160,0.835418,2.113600
628.000000,0.827997,0.840239,0.819037,0.805495,0.824315,2.490000
629.000000,0.823022,0.837864,0.820850,0.806714,0.814898,1.726100
630.000000,0.818946,0.834786,0.821455,0.808011,0.808152,1.180000
631.000000,0.821813,0.830864,0.822895,0.809604,0.826283,2.080000
632.000000,0.812621,0.823345,0.823043,0.810588,0.789459,3.380000
633.000000,0.809557,0.818777,0.823626,0.811637,0.808995,1.830000
634.000000,0.815039,0.819030,0.825538,0.813774,0.842305,2.450000
635.000000,0.824680,0.821813,0.828335,0.816257,0.856360,1.460000
636.000000,0.835784,0.828798,0.832874,0.819606,0.881799,2.100000
637.000000,0.850035,0.831328,0.835566,0.822066,0.860717,1.730000
638.000000,0.859902,0.834729,0.837484,0.824268,0.858327,1.369900
639.000000,0.859677,0.837358,0.837611,0.826353,0.841181,2.270000
640.000000,0.854533,0.839606,0.837196,0.827505,0.830639,1.459900
641.000000,0.845313,0.840548,0.835706,0.828780,0.835699,2.050000
642.000000,0.839578,0.844807,0.834076,0.830297,0.832045,1.120000
643.000000,0.831483,0.845692,0.832235,0.830981,0.817850,1.760000
644.000000,0.822403,0.841040,0.830035,0.830705,0.795784,2.526800
645.000000,0.814195,0.834364,0.828089,0.830344,0.789599,1.113900
646.000000,0.810204,0.827758,0.828278,0.831169,0.815741,2.910000
647.000000,0.809726,0.824652,0.827990,0.831928,0.829656,2.185500
648.000000,0.813240,0.822361,0.828545,0.832443,0.835418,1.900000
649.000000,0.821616,0.822010,0.829684,0.832410,0.837667,1.400000
650.000000,0.830864,0.822530,0.831068,0.832307,0.835840,1.410000
651.000000,0.833113,0.821658,0.831103,0.831024,0.826985,1.690000
652.000000,0.833928,0.821827,0.833317,0.829993,0.833732,1.520000
653.000000,0.825692,0.819466,0.832579,0.827978,0.794238,3.550000
654.000000,0.812200,0.816908,0.828974,0.825659,0.770204,3.897500
655.000000,0.801630,0.816247,0.825306,0.824141,0.782994,1.534900
656.000000,0.787294,0.810204,0.818981,0.822253,0.755306,2.570000
657.000000,0.770682,0.802305,0.813479,0.819428,0.750668,3.300000
658.000000,0.762952,0.794322,0.808342,0.817138,0.755587,1.688400
659.000000,0.757077,0.784638,0.803324,0.814669,0.740829,2.310000
660.000000,0.750892,0.776261,0.799396,0.812799,0.752073,1.970000
661.000000,0.747154,0.767224,0.794441,0.809810,0.736613,1.510000
662.000000,0.743022,0.756852,0.789339,0.807829,0.730007,1.290000
663.000000,0.731272,0.747112,0.783289,0.804090,0.696838,2.460000
664.000000,0.721321,0.739199,0.778053,0.799049,0.691075,2.859200
665.000000,0.700604,0.725748,0.770998,0.792120,0.648489,5.170000
666.000000,0.684413,0.715784,0.762994,0.784582,0.655657,3.080000
667.000000,0.679213,0.711117,0.756711,0.779358,0.704006,3.840000
668.000000,0.680506,0.705889,0.750105,0.774191,0.703303,1.960000
669.000000,0.682474,0.701897,0.743268,0.769515,0.700914,1.490000
670.000000,0.687561,0.694083,0.735172,0.764291,0.673928,2.930000
671.000000,0.689361,0.686887,0.727056,0.758590,0.664652,1.950000
672.000000,0.687646,0.683429,0.720141,0.754036,0.695432,2.330000
673.000000,0.703865,0.692186,0.719649,0.752921,0.784399,10.970000
674.000000,0.716486,0.699480,0.719339,0.751862,0.764020,2.130000
675.000000,0.737540,0.712551,0.719150,0.751516,0.779199,1.380000
676.000000,0.760056,0.724708,0.720246,0.750232,0.777231,1.224900
677.000000,0.780126,0.733886,0.722502,0.749103,0.795784,1.925000
678.000000,0.783865,0.743865,0.724877,0.748025,0.803092,1.460000
679.000000,0.787913,0.752200,0.727048,0.746245,0.784259,1.800000
680.000000,0.789515,0.763528,0.728805,0.744624,0.787210,1.230100
681.000000,0.791989,0.776022,0.731455,0.743378,0.789599,1.070000
682.000000,0.795362,0.787744,0.735587,0.742675,0.812649,2.949900
683.000000,0.799438,0.791651,0.741918,0.743650,0.823472,2.160000
684.000000,0.796402,0.792157,0.745819,0.743612,0.769079,5.230000
685.000000,0.788306,0.788911,0.750731,0.742403,0.746732,2.830000
686.000000,0.779311,0.785650,0.755179,0.742047,0.744624,2.089300
687.000000,0.764385,0.779874,0.756880,0.741626,0.738018,2.590000
688.000000,0.738805,0.769122,0.756493,0.739625,0.695573,5.200000
689.000000,0.715755,0.756079,0.754139,0.736725,0.653830,5.615000
690.000000,0.687224,0.737765,0.750647,0.731792,0.604076,4.585000
691.000000,0.655011,0.717161,0.746592,0.726690,0.583556,3.650000
692.000000,0.625861,0.695123,0.741434,0.722099,0.592270,2.640000
693.000000,0.611384,0.675095,0.733373,0.719644,0.623190,3.689900
694.000000,0.603598,0.659677,0.725917,0.717105,0.614898,3.339500
695.000000,0.605650,0.646437,0.717674,0.715966,0.614336,2.090000
696.000000,0.618637,0.636824,0.711237,0.715727,0.648489,3.605000
697.000000,0.629824,0.627843,0.703858,0.713867,0.648208,2.149900
698.000000,0.637892,0.624638,0.696880,0.712542,0.663528,2.050000
699.000000,0.645200,0.624399,0.690239,0.710892,0.651441,2.505000
700.000000,0.647280,0.626465,0.682115,0.709253,0.624736,2.589900
701.000000,0.640647,0.629642,0.673401,0.707608,0.615320,2.496000
702.000000,0.638229,0.634027,0.664575,0.705631,0.636121,2.640000
703.000000,0.637358,0.637625,0.656360,0.701457,0.659171,2.042000
704.000000,0.642839,0.644020,0.651848,0.698618,0.678848,2.260000
705.000000,0.640590,0.643935,0.645186,0.693094,0.613493,5.200000
706.000000,0.633197,0.636922,0.636873,0.686465,0.578356,5.568000
707.000000,0.623725,0.630977,0.629410,0.679564,0.588756,2.730000
708.000000,0.616191,0.626774,0.625706,0.673511,0.621504,3.050000
709.000000,0.601827,0.622333,0.623366,0.667604,0.607027,2.445900
710.000000,0.602783,0.621687,0.624076,0.661972,0.618271,1.150000
711.000000,0.617709,0.625453,0.627547,0.657419,0.652987,3.949300
712.000000,0.628728,0.626226,0.630126,0.651792,0.643851,4.195000
713.000000,0.630274,0.623233,0.630429,0.645317,0.629234,1.620000
714.000000,0.642446,0.622136,0.633078,0.641944,0.667885,3.170000
715.000000,0.650569,0.626676,0.635306,0.639016,0.658890,1.830000
716.000000,0.649726,0.633717,0.635320,0.635821,0.648770,1.520000
717.000000,0.629515,0.629122,0.630049,0.629314,0.542797,9.761000
718.000000,0.609838,0.620056,0.623415,0.623823,0.530850,1.950000
719.000000,0.581335,0.611890,0.617112,0.619541,0.525369,2.180000
720.000000,0.552157,0.601363,0.611525,0.616505,0.513001,2.679900
721.000000,0.521321,0.585524,0.605488,0.613539,0.494589,1.360000
722.000000,0.509403,0.569459,0.597843,0.609904,0.483204,2.369900
723.000000,0.503837,0.556838,0.590035,0.605898,0.503022,2.420000
724.000000,0.498187,0.539761,0.580949,0.601972,0.497119,1.460000
725.000000,0.496725,0.524441,0.575559,0.598351,0.505692,1.730000
726.000000,0.501335,0.511328,0.572523,0.593989,0.517639,1.000000
727.000000,0.509628,0.509515,0.569318,0.589871,0.524666,1.280000
728.000000,0.514350,0.509093,0.564575,0.585308,0.526634,1.160000
729.000000,0.521518,0.509852,0.560871,0.581359,0.532959,1.575000
730.000000,0.528742,0.512734,0.557048,0.578595,0.541813,1.750000
731.000000,0.535657,0.518496,0.552010,0.576491,0.552214,1.300000
732.000000,0.534673,0.522150,0.545805,0.572612,0.519747,2.805000
733.000000,0.533240,0.523795,0.540316,0.567955,0.519466,1.590000
734.000000,0.535938,0.528728,0.534245,0.563542,0.546451,2.130000
735.000000,0.535264,0.532003,0.528222,0.561040,0.538440,0.966000
736.000000,0.526971,0.531314,0.521321,0.558787,0.510752,2.750000
737.000000,0.528292,0.531483,0.520499,0.556706,0.526353,1.820000
738.000000,0.523963,0.528602,0.518848,0.552584,0.497822,2.610000
739.000000,0.522164,0.529051,0.519452,0.550265,0.537456,3.590000
740.000000,0.521293,0.528278,0.520506,0.547458,0.534083,1.880000
741.000000,0.532818,0.529895,0.524195,0.544638,0.568377,2.680000
742.000000,0.537428,0.532860,0.527505,0.541490,0.549403,2.080000
743.000000,0.547435,0.535699,0.529747,0.538777,0.547857,1.932000
744.000000,0.548869,0.535517,0.532122,0.534669,0.544624,2.120000
745.000000,0.558595,0.539944,0.535973,0.532129,0.582713,3.080000
746.000000,0.559438,0.546128,0.538721,0.529590,0.572593,1.320000
747.000000,0.565200,0.551314,0.541398,0.530771,0.578215,2.560000
748.000000,0.577569,0.562502,0.545552,0.533399,0.609698,2.350000
749.000000,0.583078,0.565973,0.547512,0.534959,0.572171,4.370000
750.000000,0.581813,0.570204,0.549241,0.537072,0.576388,1.400000
751.000000,0.581616,0.570527,0.550211,0.539639,0.571609,0.820000
752.000000,0.580998,0.573099,0.552980,0.542703,0.575123,1.215000
753.000000,0.574814,0.576191,0.555945,0.545228,0.578777,0.785000
754.000000,0.575741,0.579410,0.557463,0.547885,0.576810,1.360000
755.000000,0.573240,0.577526,0.558735,0.549824,0.563879,1.280000
756.000000,0.569979,0.575798,0.560963,0.551080,0.555306,1.589900
757.000000,0.566212,0.573605,0.562460,0.552134,0.556290,2.010000
758.000000,0.557695,0.566254,0.564378,0.552453,0.536191,3.010000
759.000000,0.543528,0.559635,0.562804,0.551553,0.505973,2.270000
760.000000,0.531918,0.552579,0.561391,0.550354,0.505833,2.035000
761.000000,0.519719,0.544849,0.557688,0.548424,0.494308,2.000000
762.000000,0.508756,0.537484,0.555292,0.547814,0.501476,2.370000
763.000000,0.495966,0.526831,0.551511,0.546240,0.472242,3.194900
764.000000,0.491160,0.517344,0.548377,0.544090,0.481940,2.478100
765.000000,0.485903,0.508911,0.543219,0.542127,0.479550,1.790000
766.000000,0.480843,0.500281,0.538039,0.540736,0.469009,2.548000
767.000000,0.476627,0.492691,0.533148,0.539204,0.480394,2.980000
768.000000,0.479438,0.487702,0.526978,0.538819,0.486297,2.070000
769.000000,0.485369,0.488264,0.523949,0.537957,0.511595,1.980000
770.000000,0.486353,0.486128,0.519353,0.536304,0.484469,2.459900
771.000000,0.490625,0.485734,0.515292,0.533703,0.490372,1.550000
772.000000,0.471904,0.474266,0.505875,0.528283,0.386788,7.390000
773.000000,0.443289,0.461363,0.494097,0.521462,0.343219,3.750000
774.000000,0.412677,0.449023,0.483183,0.515259,0.358538,1.740000
775.000000,0.389262,0.437807,0.473359,0.508082,0.367393,1.790000
776.000000,0.362277,0.426451,0.463366,0.500843,0.355446,1.270000
777.000000,0.353310,0.412607,0.452649,0.492968,0.341954,3.360000
778.000000,0.359803,0.401546,0.444624,0.485167,0.375685,3.475000
779.000000,0.357864,0.385271,0.436767,0.477723,0.348840,3.410000
780.000000,0.350752,0.370007,0.428067,0.469571,0.331834,1.810000
781.000000,0.348419,0.355348,0.420541,0.461977,0.343781,1.990000
782.000000,0.348756,0.351033,0.412649,0.454261,0.343640,1.422000
783.000000,0.341869,0.350836,0.406100,0.446343,0.341251,1.740000
784.000000,0.343809,0.350836,0.399930,0.439068,0.358538,1.830000
785.000000,0.352186,0.351469,0.394638,0.432729,0.373717,1.179900
786.000000,0.358229,0.353324,0.389888,0.426685,0.373999,1.480000
787.000000,0.361209,0.354982,0.383795,0.420094,0.358538,2.393600
788.000000,0.362642,0.352256,0.376901,0.413835,0.348419,1.440000
789.000000,0.362277,0.353043,0.369157,0.408859,0.356711,1.300000
790.000000,0.358454,0.355320,0.362663,0.403818,0.354603,0.710000
791.000000,0.353844,0.356037,0.355692,0.399040,0.350949,1.000000
792.000000,0.351145,0.356177,0.353605,0.393825,0.345046,1.422000
793.000000,0.352439,0.357540,0.354188,0.389913,0.354884,1.180000
794.000000,0.351820,0.357048,0.353942,0.385636,0.353619,1.160000
795.000000,0.352382,0.355418,0.353443,0.381565,0.357414,1.015000
796.000000,0.354856,0.354350,0.353837,0.378042,0.363317,1.295000
797.000000,0.358819,0.354982,0.354982,0.374191,0.364863,1.079900
798.000000,0.357611,0.355025,0.353640,0.369609,0.348840,1.390000
799.000000,0.357020,0.354420,0.353732,0.364245,0.350668,1.410000
800.000000,0.349965,0.351174,0.353247,0.358833,0.322136,2.050000
801.000000,0.340661,0.347758,0.351897,0.353048,0.316796,1.780000
802.000000,0.329754,0.344287,0.350232,0.350499,0.310330,1.260000
803.000000,0.322980,0.340295,0.348918,0.349557,0.314968,1.526000
804.000000,0.312410,0.334715,0.345882,0.347533,0.297822,3.000000
805.000000,0.303978,0.326971,0.341195,0.344619,0.279972,1.890000
806.000000,0.294617,0.317639,0.335994,0.341771,0.269993,1.470000
807.000000,0.284048,0.306901,0.330942,0.338955,0.257484,1.190000
808.000000,0.273057,0.298018,0.326521,0.335100,0.260014,1.080000
809.000000,0.267997,0.290204,0.322312,0.332556,0.272523,1.160000
810.000000,0.269150,0.286564,0.318869,0.331019,0.285734,1.509900
811.000000,0.272382,0.283500,0.315629,0.329098,0.286156,1.250000
812.000000,0.272354,0.278201,0.311244,0.326222,0.257344,3.280000
813.000000,0.268784,0.270921,0.305608,0.322919,0.242164,1.710000
814.000000,0.264961,0.266479,0.300597,0.319414,0.253408,1.220000
815.000000,0.257540,0.263345,0.295158,0.315245,0.248630,0.680000
816.000000,0.250710,0.261546,0.289592,0.311178,0.252003,0.490000
817.000000,0.248742,0.260548,0.283725,0.307477,0.247505,0.830000
818.000000,0.251918,0.260351,0.279185,0.304465,0.258046,1.260000
819.000000,0.251890,0.258426,0.274315,0.301017,0.253268,0.650000
820.000000,0.256107,0.256824,0.271694,0.298187,0.269712,1.190000
821.000000,0.259902,0.255306,0.269403,0.295521,0.270977,0.740000
822.000000,0.263219,0.255980,0.267091,0.292823,0.264090,0.830000
823.000000,0.262825,0.257372,0.264146,0.289529,0.256079,0.920000
824.000000,0.261420,0.256655,0.261567,0.285950,0.246240,1.170000
825.000000,0.259677,0.257892,0.260618,0.282736,0.260998,1.130000
826.000000,0.257400,0.258651,0.260098,0.279279,0.259592,0.760000
827.000000,0.255460,0.259339,0.259944,0.275596,0.254392,0.570000
828.000000,0.256079,0.259452,0.259902,0.272607,0.259171,0.706900
829.000000,0.258215,0.259817,0.259122,0.269482,0.256922,0.840000
830.000000,0.258412,0.259044,0.257934,0.267477,0.261982,0.690000
831.000000,0.262713,0.260056,0.257681,0.266287,0.281096,1.530000
832.000000,0.269093,0.262277,0.259129,0.265486,0.286297,1.069900
833.000000,0.273872,0.264975,0.261174,0.264423,0.283064,0.720000
834.000000,0.280028,0.269122,0.262888,0.264085,0.287702,1.080000
835.000000,0.284919,0.271665,0.264779,0.264301,0.286437,0.635500
836.000000,0.286212,0.274462,0.266557,0.264886,0.287561,1.029600
837.000000,0.282867,0.275980,0.267660,0.265289,0.269571,1.840500
838.000000,0.278735,0.276304,0.267878,0.265369,0.262403,1.315100
839.000000,0.272691,0.276360,0.268089,0.264868,0.257484,0.740000
840.000000,0.270977,0.277948,0.268496,0.264605,0.277864,2.750000
841.000000,0.268784,0.277498,0.268777,0.264287,0.276599,1.219900
842.000000,0.264933,0.273900,0.268089,0.264052,0.250316,1.980000
843.000000,0.264540,0.271637,0.268306,0.264662,0.260436,1.126000
844.000000,0.266957,0.269824,0.269473,0.265200,0.269571,1.740000
845.000000,0.263809,0.267393,0.269529,0.265650,0.262122,0.794000
846.000000,0.259986,0.264385,0.269424,0.265833,0.257484,0.843300
847.000000,0.263219,0.264076,0.270028,0.266465,0.266479,1.520000
848.000000,0.266760,0.265650,0.270977,0.267135,0.278145,1.505000
849.000000,0.270274,0.268616,0.272488,0.268264,0.287140,0.870000
850.000000,0.276037,0.269923,0.273935,0.268972,0.290935,0.790000
851.000000,0.281855,0.270921,0.274209,0.269492,0.286578,1.330000
852.000000,0.291806,0.277512,0.275706,0.271230,0.316233,2.470000
853.000000,0.298918,0.282839,0.277238,0.273151,0.313703,1.370000
854.000000,0.306423,0.288349,0.279086,0.275765,0.324666,0.940000
855.000000,0.314013,0.295025,0.281209,0.278028,0.328883,0.650000
856.000000,0.321265,0.301560,0.282973,0.280136,0.322839,0.690000
857.000000,0.324779,0.308292,0.286184,0.282783,0.333802,1.387100
858.000000,0.330597,0.314758,0.290204,0.285570,0.342797,0.790000
859.000000,0.334533,0.320478,0.294547,0.288484,0.344343,0.640000
860.000000,0.338524,0.326268,0.298096,0.291380,0.348840,0.620000
861.000000,0.343134,0.332200,0.301560,0.293539,0.345889,1.230000
862.000000,0.346620,0.335699,0.306606,0.295704,0.351230,1.160000
863.000000,0.346957,0.338777,0.310808,0.297751,0.344483,0.940000
864.000000,0.346788,0.340661,0.314505,0.299611,0.343500,0.530000
865.000000,0.344793,0.341658,0.318342,0.301359,0.338862,0.690000
866.000000,0.340857,0.341996,0.321778,0.302647,0.326212,1.090000
867.000000,0.337512,0.342066,0.325179,0.304811,0.334505,1.590000
868.000000,0.340351,0.343654,0.329206,0.308021,0.358679,2.240000
869.000000,0.344399,0.345594,0.333036,0.311562,0.363739,1.500000
870.000000,0.349431,0.347112,0.336690,0.314434,0.364020,0.750000
871.000000,0.355924,0.348391,0.340295,0.317170,0.358679,0.760000
872.000000,0.358595,0.348053,0.341876,0.320422,0.347857,1.199000
873.000000,0.355643,0.347997,0.343387,0.323204,0.343921,1.050000
874.000000,0.353113,0.348756,0.344708,0.325922,0.351089,1.044500
875.000000,0.351005,0.350218,0.345938,0.328967,0.353479,0.610000
876.000000,0.347379,0.351651,0.346824,0.331736,0.340548,1.400000
877.000000,0.341954,0.350274,0.346170,0.333544,0.320731,1.670000
878.000000,0.339930,0.347786,0.345720,0.335399,0.333802,1.318000
879.000000,0.336219,0.344666,0.345130,0.336913,0.332537,1.170000
880.000000,0.332396,0.341701,0.344406,0.338360,0.334364,1.360000
881.000000,0.334392,0.340885,0.344638,0.340492,0.350527,1.300000
882.000000,0.339592,0.340773,0.344413,0.341509,0.346732,0.715000
883.000000,0.343219,0.341574,0.344786,0.342783,0.351933,0.880000
884.000000,0.346114,0.341167,0.344961,0.343528,0.347013,1.160000
885.000000,0.348363,0.340379,0.345299,0.344085,0.345608,0.640000
886.000000,0.356177,0.345285,0.348468,0.346311,0.389599,3.510000
887.000000,0.364160,0.351876,0.351075,0.348072,0.386648,0.990000
888.000000,0.368855,0.356037,0.351911,0.349159,0.375404,1.280000
889.000000,0.378805,0.362460,0.353563,0.350907,0.396767,1.590000
890.000000,0.389571,0.368967,0.355334,0.352593,0.399438,0.870000
891.000000,0.393816,0.374996,0.357941,0.354758,0.410822,0.980000
892.000000,0.397583,0.380871,0.360822,0.356566,0.405481,0.894500
893.000000,0.407758,0.388306,0.364940,0.359293,0.426283,1.480000
894.000000,0.414926,0.396866,0.369016,0.362263,0.432607,0.949000
895.000000,0.421251,0.405411,0.372895,0.365336,0.431061,0.880000
896.000000,0.425271,0.409543,0.377414,0.368826,0.430921,0.750000
897.000000,0.429768,0.413675,0.382776,0.371942,0.427969,0.610000
898.000000,0.432495,0.420126,0.388082,0.374650,0.439916,0.950000
899.000000,0.433422,0.424174,0.393317,0.377100,0.437245,0.710000
900.000000,0.434968,0.428110,0.398538,0.379592,0.438791,0.480000
901.000000,0.436205,0.430738,0.402867,0.382207,0.437105,0.900000
902.000000,0.435840,0.432804,0.406838,0.384816,0.426142,1.494100
903.000000,0.435418,0.433956,0.411131,0.387946,0.437807,1.000000
904.000000,0.437301,0.435362,0.416114,0.391131,0.446662,1.170000
905.000000,0.441040,0.438004,0.421708,0.394598,0.457484,1.180000
906.000000,0.444498,0.440351,0.424947,0.398393,0.454392,0.899000
907.000000,0.451300,0.443570,0.428623,0.403041,0.460155,0.960000
908.000000,0.454645,0.445032,0.432579,0.407065,0.454533,0.969000
909.000000,0.454420,0.445861,0.435018,0.410832,0.445538,1.200000
910.000000,0.451075,0.446058,0.437084,0.414378,0.440759,0.910000
911.000000,0.450204,0.447351,0.439044,0.417695,0.450035,0.900000
912.000000,0.445594,0.448447,0.440625,0.420707,0.437105,0.980000
913.000000,0.440618,0.447632,0.440794,0.423298,0.429656,1.070000
914.000000,0.437498,0.445959,0.440661,0.426062,0.429937,0.740000
915.000000,0.435446,0.443261,0.440632,0.428892,0.430499,0.740000
916.000000,0.433788,0.441996,0.441174,0.430630,0.441743,1.470000
917.000000,0.437217,0.441405,0.442488,0.432884,0.454252,1.290000
918.000000,0.454589,0.447604,0.446318,0.437587,0.516514,7.670000
919.000000,0.466507,0.452003,0.448932,0.440679,0.489529,4.060000
920.000000,0.476627,0.456037,0.451047,0.443401,0.481096,1.690000
921.000000,0.483598,0.458693,0.453022,0.445594,0.476599,1.399900
922.000000,0.486325,0.461771,0.455109,0.447674,0.467885,1.390000
923.000000,0.478201,0.466395,0.457013,0.449328,0.475896,1.400000
924.000000,0.474097,0.470302,0.458131,0.450541,0.469009,1.216400
925.000000,0.467238,0.471933,0.457597,0.451066,0.446803,1.755000
926.000000,0.460520,0.472059,0.457027,0.451469,0.443008,0.890000
927.000000,0.456332,0.471328,0.456367,0.452101,0.446943,1.050000
928.000000,0.449529,0.463865,0.455734,0.452167,0.441883,0.780000
929.000000,0.441237,0.457667,0.454835,0.451844,0.427547,1.319900
930.000000,0.440112,0.453675,0.454856,0.451923,0.441181,1.690000
931.000000,0.439072,0.449796,0.454245,0.451947,0.437807,0.940000
932.000000,0.439100,0.447716,0.454743,0.452645,0.447084,1.360000
933.000000,0.441743,0.445636,0.456015,0.453221,0.455095,1.060000
934.000000,0.447814,0.444526,0.457414,0.453596,0.457906,0.750000
935.000000,0.450878,0.445495,0.458714,0.453563,0.456500,0.770000
936.000000,0.454561,0.446817,0.459438,0.453624,0.456219,1.070000
937.000000,0.453999,0.446550,0.458939,0.453094,0.444273,1.670000
938.000000,0.447505,0.444624,0.454245,0.452031,0.422628,2.300000
939.000000,0.440000,0.443907,0.450787,0.451192,0.420379,1.015000
940.000000,0.427800,0.439339,0.446507,0.449684,0.395502,1.890000
941.000000,0.417344,0.435952,0.442874,0.448147,0.403935,0.820000
942.000000,0.407365,0.430682,0.439199,0.446723,0.394378,1.150000
943.000000,0.398145,0.422825,0.434230,0.444952,0.376528,1.780000
944.000000,0.388756,0.414378,0.429452,0.443069,0.373436,1.010000
945.000000,0.385777,0.406788,0.426142,0.441405,0.380604,0.940000
946.000000,0.381167,0.399255,0.423036,0.439377,0.380885,0.760000
947.000000,0.380492,0.393928,0.420239,0.437269,0.391005,1.270000
948.000000,0.380351,0.389248,0.416936,0.432579,0.375826,1.640000
949.000000,0.377597,0.383176,0.413542,0.428250,0.359663,2.110000
950.000000,0.374701,0.380239,0.409789,0.424418,0.366128,0.750000
951.000000,0.370485,0.375826,0.405889,0.420525,0.359803,1.250000
952.000000,0.362699,0.371595,0.401138,0.416664,0.352073,1.200000
953.000000,0.360056,0.370204,0.396514,0.412888,0.362614,1.445000
954.000000,0.357976,0.367786,0.391082,0.408897,0.349262,1.650000
955.000000,0.345608,0.360155,0.383472,0.404146,0.304287,3.625000
956.000000,0.337878,0.354181,0.376718,0.400084,0.321152,1.650000
957.000000,0.330991,0.346845,0.370387,0.395774,0.317639,1.350000
958.000000,0.320450,0.340253,0.364751,0.391375,0.309909,1.100000
959.000000,0.310752,0.334364,0.358770,0.387149,0.300773,1.000000
960.000000,0.310330,0.327969,0.354104,0.382516,0.302178,1.050000
961.000000,0.307800,0.322839,0.349332,0.378206,0.308503,0.750000
962.000000,0.304427,0.317709,0.344652,0.373329,0.300773,1.000000
963.000000,0.301897,0.311174,0.340689,0.368067,0.297259,0.900000
964.000000,0.302460,0.306606,0.337196,0.362923,0.303584,1.700000
965.000000,0.303584,0.306957,0.333556,0.357967,0.307800,1.300000
966.000000,0.305973,0.306887,0.330534,0.353441,0.320450,1.350000
967.000000,0.311876,0.308152,0.327498,0.349642,0.330288,1.450000
968.000000,0.300914,0.301405,0.320829,0.343636,0.242446,6.750000
969.000000,0.290935,0.296697,0.315531,0.338079,0.253689,1.800000
970.000000,0.281799,0.292691,0.310330,0.333633,0.262122,1.200000
971.000000,0.269150,0.287561,0.305200,0.328742,0.257203,1.750000
972.000000,0.260155,0.286015,0.301862,0.325107,0.285313,2.400000
973.000000,0.274491,0.287702,0.299438,0.323026,0.314125,2.200000
974.000000,0.289529,0.290232,0.298419,0.321541,0.328883,1.662100
975.000000,0.305271,0.293535,0.300246,0.320216,0.340829,1.800000
976.000000,0.319185,0.294167,0.300527,0.318412,0.326774,1.700000
977.000000,0.324104,0.292129,0.300141,0.315709,0.309909,1.700000
978.000000,0.324526,0.299508,0.300457,0.313722,0.316233,1.645000
979.000000,0.319747,0.304638,0.300668,0.311900,0.304989,1.025000
980.000000,0.312157,0.308714,0.300703,0.309792,0.302881,0.600000
981.000000,0.306535,0.312860,0.300211,0.307754,0.298665,0.928400
982.000000,0.305271,0.314687,0.300351,0.306137,0.303584,1.575000
983.000000,0.306395,0.315460,0.301581,0.304779,0.321855,1.950000
984.000000,0.309065,0.314406,0.302319,0.303748,0.318342,1.075000
985.000000,0.313141,0.312649,0.303092,0.304380,0.323261,0.740000
986.000000,0.317779,0.312157,0.303162,0.304404,0.321855,1.200000
987.000000,0.323401,0.314336,0.303233,0.304872,0.331694,1.500000
988.000000,0.327056,0.316725,0.308117,0.305880,0.340126,1.600000
989.000000,0.332537,0.320801,0.312720,0.307379,0.345748,0.500000
990.000000,0.336613,0.324877,0.316796,0.308761,0.343640,1.445000
991.000000,0.337597,0.327688,0.320274,0.309370,0.326774,2.075000
992.000000,0.339143,0.331272,0.322980,0.310658,0.339424,1.525000
993.000000,0.339705,0.333380,0.324420,0.312181,0.342937,1.650000
994.000000,0.338299,0.335418,0.324912,0.313352,0.338721,0.750000
995.000000,0.339705,0.338159,0.325404,0.314781,0.350668,1.750000
996.000000,0.342094,0.339845,0.326001,0.315390,0.338721,1.500000
997.000000,0.342516,0.340829,0.327583,0.315765,0.341532,1.100000
998.000000,0.340829,0.340267,0.328496,0.318833,0.334505,1.000000
999.000000,0.341110,0.339705,0.330253,0.321715,0.340126,1.300000
1000.000000,0.341110,0.340408,0.332642,0.324666,0.350668,1.150000
1001.000000,0.343359,0.342727,0.335207,0.327758,0.349965,0.600000
1002.000000,0.338862,0.340689,0.335980,0.328883,0.319044,2.800000
1003.000000,0.336332,0.338580,0.335980,0.329140,0.321855,1.850000
1004.000000,0.332396,0.336753,0.336086,0.328859,0.320450,0.950000
1005.000000,0.323401,0.332256,0.335207,0.327688,0.305692,1.550000
1006.000000,0.315812,0.329585,0.334715,0.327196,0.312017,1.100000
1007.000000,0.313985,0.326423,0.333626,0.327196,0.309909,1.100000
1008.000000,0.312720,0.324526,0.332396,0.327173,0.315531,1.250000
1009.000000,0.314687,0.323542,0.331623,0.328016,0.330288,1.575000
1010.000000,0.317498,0.320450,0.330429,0.328578,0.319747,1.050000
1011.000000,0.317639,0.316725,0.329726,0.329047,0.312720,0.905000
1012.000000,0.318623,0.316304,0.328496,0.329421,0.314828,1.050000
1013.000000,0.316655,0.314687,0.326634,0.328883,0.305692,1.000000
1014.000000,0.308503,0.311595,0.324174,0.327922,0.289529,1.900000
1015.000000,0.301757,0.309628,0.320942,0.326681,0.286015,0.650000
1016.000000,0.296275,0.306957,0.318271,0.325463,0.285313,0.675000
1017.000000,0.288264,0.303443,0.314933,0.323565,0.274772,2.050000
1018.000000,0.282221,0.299438,0.311982,0.321410,0.275474,1.050000
1019.000000,0.278285,0.293394,0.308468,0.318880,0.269852,1.100000
1020.000000,0.275334,0.288545,0.304498,0.316468,0.271258,0.500000
1021.000000,0.271680,0.283978,0.300351,0.314476,0.267041,0.950000
1022.000000,0.269571,0.278918,0.297611,0.311970,0.264230,0.500000
1023.000000,0.269150,0.275685,0.295186,0.309651,0.273366,1.000000
1024.000000,0.269009,0.273647,0.292621,0.307332,0.269150,0.950000
1025.000000,0.269852,0.272593,0.291110,0.304825,0.275474,0.850000
1026.000000,0.270836,0.271258,0.289108,0.302600,0.271961,0.650000
1027.000000,0.274631,0.272101,0.287772,0.300656,0.283204,1.800000
1028.000000,0.278145,0.273647,0.286543,0.299204,0.290935,1.550000
1029.000000,0.285313,0.277161,0.285278,0.298032,0.304989,1.850000
1030.000000,0.286297,0.278074,0.283310,0.295690,0.280394,2.350000
1031.000000,0.288826,0.279831,0.281904,0.293511,0.284610,1.000000
1032.000000,0.290091,0.282361,0.280639,0.292528,0.289529,0.950000
1033.000000,0.291075,0.284610,0.280148,0.291661,0.295854,1.200000
1034.000000,0.290513,0.287913,0.280780,0.291052,0.302178,1.125000
1035.000000,0.294308,0.290302,0.281448,0.290841,0.299368,0.600000
1036.000000,0.295573,0.292200,0.281729,0.290138,0.290935,0.850000
1037.000000,0.299649,0.294870,0.283486,0.290138,0.309909,1.650000
1038.000000,0.306114,0.298595,0.286121,0.290560,0.328180,1.850000
1039.000000,0.310330,0.300422,0.288791,0.290326,0.323261,1.100000
1040.000000,0.313422,0.303865,0.290970,0.290162,0.314828,0.950000
1041.000000,0.318623,0.307098,0.293465,0.290302,0.316936,0.600000
1042.000000,0.320871,0.310260,0.296311,0.290513,0.321152,1.225000
1043.000000,0.321434,0.313774,0.299192,0.291356,0.330991,1.400000
1044.000000,0.321152,0.315741,0.301827,0.292434,0.321855,1.150000
1045.000000,0.321715,0.317569,0.303935,0.293488,0.317639,0.950000
1046.000000,0.320169,0.319396,0.305798,0.294284,0.309206,1.150000
1047.000000,0.317358,0.319115,0.306992,0.295362,0.307098,1.250000
1048.000000,0.313985,0.317709,0.308152,0.296650,0.314125,1.550000
1049.000000,0.311876,0.316514,0.308468,0.298032,0.311314,1.150000
1050.000000,0.309768,0.315741,0.309803,0.299227,0.307098,0.650000
1051.000000,0.307941,0.314055,0.310576,0.300328,0.300070,1.400000
1052.000000,0.307800,0.312579,0.311420,0.301733,0.306395,0.900000
1053.000000,0.305411,0.309698,0.311736,0.302694,0.302178,0.600000
1054.000000,0.304427,0.308152,0.311947,0.303935,0.306395,0.500000
1055.000000,0.305130,0.307449,0.312509,0.305107,0.310611,0.700000
1056.000000,0.306254,0.307098,0.313247,0.306231,0.305692,0.700000
1057.000000,0.306676,0.307238,0.313176,0.307074,0.308503,0.900000
1058.000000,0.306535,0.305973,0.311841,0.307426,0.301476,0.650000
1059.000000,0.304427,0.304427,0.310471,0.307121,0.295854,0.750000
1060.000000,0.300070,0.302600,0.309171,0.307402,0.288826,1.150000
1061.000000,0.297400,0.301827,0.307941,0.307660,0.292340,1.450000
1062.000000,0.294308,0.300492,0.306535,0.307777,0.293043,0.900000
1063.000000,0.293605,0.300070,0.304884,0.307847,0.297962,1.200000
1064.000000,0.294729,0.299578,0.303865,0.307824,0.301476,0.500000
1065.000000,0.299649,0.299859,0.303654,0.308292,0.313422,1.550000
1066.000000,0.304708,0.301054,0.304076,0.309182,0.317639,0.750000
1067.000000,0.309346,0.301827,0.304533,0.309393,0.316233,0.825000
1068.000000,0.313001,0.303303,0.304638,0.308995,0.316233,0.750000
1069.000000,0.315531,0.305130,0.304779,0.308691,0.314125,0.400000
1070.000000,0.313001,0.306325,0.304462,0.308222,0.300773,1.350000
1071.000000,0.309065,0.306887,0.304357,0.307590,0.297962,0.650000
1072.000000,0.307660,0.308503,0.304498,0.307191,0.309206,1.250000
1073.000000,0.308784,0.310892,0.305481,0.306887,0.321855,1.050000
1074.000000,0.312298,0.313914,0.306746,0.307215,0.331694,1.175000
1075.000000,0.325509,0.319255,0.309557,0.308855,0.366831,3.700000
1076.000000,0.341813,0.325439,0.313247,0.311197,0.379480,2.650000
1077.000000,0.353619,0.330639,0.316233,0.313235,0.368236,0.900000
1078.000000,0.360647,0.334715,0.319009,0.314664,0.356992,0.966000
1079.000000,0.365285,0.338791,0.321961,0.316116,0.354884,1.200000
1080.000000,0.360365,0.342937,0.324631,0.317287,0.342235,1.550000
1081.000000,0.353479,0.347646,0.327266,0.318787,0.345046,0.925000
1082.000000,0.348559,0.351089,0.329796,0.320028,0.343640,0.800000
1083.000000,0.345327,0.352987,0.331940,0.321316,0.340829,0.600000
1084.000000,0.342656,0.353970,0.333942,0.322488,0.341532,0.700000
1085.000000,0.345046,0.352706,0.335980,0.323940,0.354181,1.000000
1086.000000,0.350668,0.352073,0.338756,0.326189,0.373155,1.900000
1087.000000,0.354884,0.351722,0.341181,0.328063,0.364722,1.050000
1088.000000,0.359803,0.352565,0.343640,0.330194,0.365425,0.800000
1089.000000,0.365566,0.354111,0.346451,0.332677,0.370344,0.800000
1090.000000,0.371047,0.358046,0.350492,0.335770,0.381588,1.700000
1091.000000,0.358538,0.354603,0.351124,0.336379,0.310611,5.550000
1092.000000,0.345186,0.350035,0.350562,0.336543,0.297962,1.200000
1093.000000,0.332537,0.346170,0.349578,0.336683,0.302178,1.300000
1094.000000,0.318623,0.342094,0.348032,0.336660,0.300773,0.850000
1095.000000,0.304006,0.337526,0.345116,0.336496,0.308503,0.900000
1096.000000,0.305130,0.331834,0.341954,0.336449,0.316233,0.750000
1097.000000,0.310190,0.327688,0.339705,0.336683,0.323261,1.100000
1098.000000,0.313422,0.322980,0.337772,0.336753,0.318342,0.650000
1099.000000,0.313422,0.316022,0.335067,0.336308,0.300773,1.450000
1100.000000,0.310892,0.307449,0.332748,0.336144,0.295854,0.750000
1101.000000,0.304568,0.304849,0.329726,0.335699,0.284610,1.050000
1102.000000,0.295713,0.302952,0.326493,0.334692,0.278988,1.400000
1103.000000,0.288124,0.300773,0.323472,0.333310,0.280394,0.750000
1104.000000,0.284751,0.299086,0.320590,0.331717,0.283907,0.600000
1105.000000,0.282221,0.296557,0.317041,0.328929,0.283204,0.262000
1106.000000,0.280956,0.292762,0.312298,0.325556,0.278285,0.650000
1107.000000,0.281377,0.288545,0.308117,0.322652,0.281096,0.400000
1108.000000,0.281658,0.284891,0.303935,0.320145,0.281799,0.200000
1109.000000,0.281518,0.283134,0.299578,0.317756,0.283204,0.400000
1110.000000,0.281377,0.281799,0.294624,0.315765,0.282502,0.600000
1111.000000,0.281799,0.281377,0.293113,0.313610,0.280394,0.600000
1112.000000,0.281518,0.281448,0.292200,0.311478,0.279691,0.550000
1113.000000,0.280534,0.281096,0.290935,0.309346,0.276880,0.850000
1114.000000,0.279129,0.280323,0.289705,0.307168,0.276177,0.225000
1115.000000,0.278848,0.280112,0.288335,0.304732,0.281096,0.500000
1116.000000,0.278848,0.280323,0.286543,0.301640,0.280394,0.550000
1117.000000,0.277301,0.279410,0.283978,0.298548,0.271961,0.875000
1118.000000,0.276739,0.278637,0.281764,0.295502,0.274069,0.450000
1119.000000,0.275334,0.277231,0.280183,0.292129,0.269150,0.475000
1120.000000,0.271258,0.275053,0.278426,0.288100,0.260717,0.800000
1121.000000,0.267041,0.272944,0.277161,0.286390,0.259311,0.750000
1122.000000,0.264652,0.270977,0.276212,0.285125,0.260014,0.450000
1123.000000,0.263106,0.269923,0.275509,0.283931,0.266339,0.750000
1124.000000,0.262263,0.268798,0.274561,0.282736,0.264933,0.550000
1125.000000,0.264230,0.267744,0.273928,0.281471,0.270555,0.750000
1126.000000,0.268587,0.267814,0.274069,0.280300,0.281096,1.350000
1127.000000,0.272663,0.268658,0.274034,0.278871,0.280394,0.551800
1128.000000,0.277583,0.270344,0.274491,0.277957,0.290935,1.050000
1129.000000,0.282221,0.272242,0.274736,0.277536,0.288124,0.700000
1130.000000,0.286578,0.275404,0.275228,0.277419,0.292340,0.450000
1131.000000,0.287983,0.278285,0.275615,0.277536,0.288124,0.695000
1132.000000,0.289248,0.280956,0.275966,0.277793,0.286718,0.450000
1133.000000,0.290232,0.283907,0.276915,0.278309,0.295854,0.750000
1134.000000,0.292340,0.287280,0.278039,0.278801,0.298665,0.850000
1135.000000,0.292762,0.289670,0.278707,0.279175,0.294448,0.800000
1136.000000,0.291918,0.289951,0.278883,0.279363,0.283907,1.000000
1137.000000,0.291497,0.290372,0.279515,0.279480,0.284610,0.350000
1138.000000,0.289529,0.289881,0.280112,0.279621,0.286015,0.550000
1139.000000,0.287983,0.290162,0.281202,0.279878,0.290935,0.750000
1140.000000,0.288967,0.290864,0.283134,0.280440,0.299368,0.950000
1141.000000,0.295994,0.293956,0.286121,0.281729,0.319044,1.600000
1142.000000,0.302319,0.296908,0.288932,0.282947,0.316233,1.350000
1143.000000,0.306676,0.298103,0.291005,0.283978,0.307800,0.650000
1144.000000,0.309346,0.298665,0.292973,0.284914,0.304287,0.725000
1145.000000,0.310611,0.299789,0.294729,0.285734,0.305692,0.450000
1146.000000,0.307238,0.301616,0.295784,0.286461,0.302178,0.800000
1147.000000,0.303022,0.302670,0.296521,0.287234,0.295151,0.650000
1148.000000,0.299930,0.303303,0.296592,0.287843,0.292340,0.650000
1149.000000,0.297681,0.303514,0.296838,0.288639,0.293043,0.350000
1150.000000,0.294448,0.302530,0.296697,0.289599,0.289529,0.600000
1151.000000,0.292200,0.299719,0.296838,0.290654,0.290935,0.550000
1152.000000,0.290372,0.296697,0.296803,0.291520,0.286015,20.700000
1153.000000,0.288545,0.294238,0.296170,0.292082,0.283204,0.500000
1154.000000,0.282642,0.290162,0.294413,0.292036,0.263528,1.600000
1155.000000,0.273226,0.283837,0.291813,0.291099,0.242446,1.600000
1156.000000,0.261982,0.277091,0.289353,0.289553,0.234715,0.800000
1157.000000,0.252846,0.271609,0.287140,0.288217,0.240337,0.775000
1158.000000,0.242867,0.265706,0.284505,0.286297,0.233310,1.653000
1159.000000,0.236121,0.259382,0.281448,0.284352,0.229796,1.500000
1160.000000,0.233029,0.253127,0.277829,0.282174,0.226985,0.575000
1161.000000,0.232186,0.247084,0.273401,0.280253,0.230499,0.750000
1162.000000,0.228110,0.240478,0.268587,0.278028,0.219958,1.200000
1163.000000,0.223893,0.233380,0.263809,0.275240,0.212228,0.800000
1164.000000,0.223050,0.229585,0.259874,0.272804,0.225580,0.950000
1165.000000,0.220098,0.226564,0.255200,0.270063,0.212228,1.050000
1166.000000,0.217990,0.225088,0.251089,0.267932,0.219958,0.800000
1167.000000,0.217850,0.222980,0.247294,0.265753,0.219255,0.450000
1168.000000,0.219255,0.221574,0.243640,0.263528,0.219255,0.375000
1169.000000,0.219396,0.221223,0.240302,0.261373,0.226283,0.962700
1170.000000,0.221363,0.220731,0.236929,0.258796,0.222066,1.100000
1171.000000,0.222488,0.220239,0.233661,0.255680,0.225580,0.750000
1172.000000,0.226985,0.222417,0.231448,0.253197,0.241743,1.450000
1173.000000,0.232467,0.225861,0.229621,0.251160,0.246662,1.100000
1174.000000,0.236683,0.228039,0.228812,0.249262,0.247365,0.725000
1175.000000,0.241602,0.231483,0.229023,0.247294,0.246662,0.750000
1176.000000,0.246240,0.234364,0.229726,0.245514,0.248770,0.600000
1177.000000,0.247646,0.237316,0.230148,0.243968,0.248770,0.650000
1178.000000,0.247646,0.240056,0.230815,0.242446,0.246662,0.700000
1179.000000,0.246662,0.241673,0.231448,0.240759,0.242446,0.850000
1180.000000,0.246381,0.243992,0.232361,0.239283,0.245257,0.700000
1181.000000,0.246381,0.246311,0.233275,0.237878,0.248770,0.550000
1182.000000,0.247365,0.247505,0.234961,0.236800,0.253689,0.750000
1183.000000,0.249051,0.248349,0.237105,0.235863,0.255095,0.525000
1184.000000,0.248770,0.247716,0.237878,0.235114,0.241040,1.100000
1185.000000,0.248067,0.247224,0.239353,0.235090,0.241743,0.450000
1186.000000,0.245678,0.246030,0.240197,0.235160,0.236824,1.032900
1187.000000,0.241462,0.244413,0.240864,0.234903,0.232607,0.646100
1188.000000,0.237245,0.243148,0.241602,0.234926,0.234013,0.350000
1189.000000,0.237807,0.243289,0.242481,0.235395,0.243851,0.900000
1190.000000,0.238370,0.243219,0.243605,0.235980,0.244554,0.500000
1191.000000,0.239072,0.242375,0.244343,0.236308,0.240337,0.500000
1192.000000,0.242305,0.241883,0.244694,0.237269,0.248770,0.750000
1193.000000,0.249613,0.243429,0.245889,0.239213,0.270555,2.300000
1194.000000,0.252987,0.245397,0.246557,0.240384,0.260717,1.550000
1195.000000,0.255938,0.247154,0.247189,0.241954,0.259311,0.800000
1196.000000,0.265495,0.252284,0.249157,0.244226,0.288124,2.500000
1197.000000,0.273366,0.257836,0.251124,0.246521,0.288124,1.200000
1198.000000,0.276037,0.262825,0.252987,0.248677,0.283907,0.850000
1199.000000,0.281237,0.267112,0.255200,0.250691,0.286718,0.700000
1200.000000,0.288545,0.272242,0.257730,0.253151,0.295854,1.150000
1201.000000,0.290232,0.277864,0.260119,0.255517,0.296557,0.450000
1202.000000,0.291778,0.282572,0.262228,0.257320,0.295854,0.500000
1203.000000,0.293717,0.284877,0.264153,0.258885,0.293605,0.300000
1204.000000,0.295123,0.288180,0.266788,0.260431,0.293746,0.550000
1205.000000,0.301307,0.294926,0.271040,0.263101,0.326774,2.850000
1206.000000,0.308616,0.299424,0.275854,0.265912,0.333099,1.845000
1207.000000,0.314519,0.303148,0.280492,0.268466,0.325369,1.300000
1208.000000,0.321715,0.307716,0.285271,0.271230,0.329585,1.200000
1209.000000,0.331834,0.313479,0.290295,0.274626,0.344343,1.450000
1210.000000,0.334505,0.317906,0.295074,0.277789,0.340126,1.050000
1211.000000,0.333942,0.321279,0.299571,0.280506,0.330288,1.000000
1212.000000,0.334786,0.324652,0.303612,0.283036,0.329585,0.550000
1213.000000,0.335348,0.328531,0.306704,0.285613,0.332396,0.775000
1214.000000,0.330007,0.330921,0.309550,0.288166,0.317639,1.300000
1215.000000,0.325228,0.329866,0.312396,0.290649,0.316233,0.850000
1216.000000,0.323963,0.328953,0.314188,0.293554,0.323963,0.675000
1217.000000,0.313985,0.324385,0.313767,0.295123,0.279691,3.850000
1218.000000,0.308082,0.321715,0.314715,0.297419,0.302881,1.975000
1219.000000,0.303725,0.316866,0.315172,0.299152,0.295854,0.900000
1220.000000,0.298665,0.311947,0.314926,0.300698,0.290935,0.950000
1221.000000,0.293465,0.308714,0.314996,0.302619,0.297962,1.450000
1222.000000,0.306254,0.310119,0.317386,0.305781,0.343640,3.800000
1223.000000,0.316514,0.312298,0.320415,0.308569,0.354181,1.400000
1224.000000,0.326774,0.315249,0.323085,0.311450,0.347154,0.900000
1225.000000,0.334786,0.316725,0.323296,0.313839,0.330991,1.674900
1226.000000,0.343078,0.318271,0.323612,0.315549,0.339424,1.250000
1227.000000,0.341813,0.324034,0.324209,0.317189,0.337316,1.325000
1228.000000,0.338299,0.327407,0.324561,0.318946,0.336613,0.850000
1229.000000,0.336191,0.331483,0.324174,0.320609,0.336613,0.700000
1230.000000,0.337316,0.336051,0.323999,0.321968,0.336613,0.700000
1231.000000,0.336051,0.339564,0.324139,0.323186,0.333099,1.350000
1232.000000,0.337597,0.339705,0.324912,0.324825,0.345046,1.325000
1233.000000,0.342094,0.340197,0.326247,0.327009,0.359100,1.150000
1234.000000,0.352073,0.344132,0.329691,0.330101,0.386507,2.050000
1235.000000,0.357133,0.347224,0.331975,0.331272,0.361911,2.050000
1236.000000,0.365425,0.350738,0.334505,0.332654,0.374561,1.250000
1237.000000,0.369501,0.353549,0.338791,0.333989,0.365425,1.250000
1238.000000,0.372031,0.357063,0.342235,0.335395,0.371750,0.875000
1239.000000,0.375404,0.363739,0.347611,0.337362,0.403373,3.150000
1240.000000,0.383275,0.370204,0.353127,0.339400,0.401265,1.790000
1241.000000,0.390583,0.378004,0.358784,0.342094,0.411103,2.150000
1242.000000,0.399016,0.384259,0.361982,0.344694,0.407590,1.000000
1243.000000,0.403514,0.387772,0.363985,0.346756,0.394238,1.375000
1244.000000,0.402530,0.388967,0.366550,0.349450,0.398454,1.100000
