0.000000,0.482057,0.483272,0.480046,0.475841,0.493773,1.805000
1.000000,0.485071,0.483841,0.481253,0.476984,0.494465,1.140000
2.000000,0.489883,0.485809,0.482794,0.478373,0.503075,1.340000
3.000000,0.495065,0.487408,0.484168,0.479685,0.500769,0.860000
4.000000,0.498493,0.489137,0.485364,0.480736,0.500384,0.699000
5.000000,0.500354,0.491205,0.486448,0.481890,0.503075,0.800000
6.000000,0.502229,0.493650,0.487885,0.483023,0.503844,0.920000
7.000000,0.502291,0.496087,0.489088,0.484068,0.503383,0.700000
8.000000,0.503106,0.499085,0.490366,0.485116,0.504843,0.520000
9.000000,0.504074,0.501284,0.491744,0.486226,0.505228,0.620000
10.000000,0.504443,0.502399,0.492835,0.487497,0.504920,0.580000
11.000000,0.504897,0.503563,0.493702,0.488690,0.506112,0.553000
12.000000,0.506073,0.504182,0.494995,0.489924,0.509264,0.860000
13.000000,0.507903,0.505504,0.496456,0.491280,0.513991,0.720000
14.000000,0.510916,0.507495,0.498316,0.492741,0.520295,1.340000
15.000000,0.512823,0.508633,0.499919,0.493843,0.514453,1.690000
16.000000,0.515198,0.510048,0.501849,0.495273,0.517989,1.080000
17.000000,0.515498,0.510786,0.503436,0.496321,0.510763,1.440000
18.000000,0.516298,0.512100,0.505593,0.497611,0.517989,1.140000
19.000000,0.513069,0.511993,0.506638,0.498493,0.504151,2.130000
20.000000,0.511239,0.512031,0.507215,0.499234,0.505304,0.758000
21.000000,0.510624,0.512911,0.508237,0.500105,0.514914,1.340000
22.000000,0.509948,0.512723,0.508452,0.500905,0.507380,1.100000
23.000000,0.508702,0.512500,0.509002,0.501804,0.511762,0.780000
24.000000,0.510301,0.511685,0.509590,0.502773,0.512146,0.500000
25.000000,0.510716,0.510978,0.509806,0.503605,0.507380,0.900000
26.000000,0.510101,0.510363,0.510205,0.504687,0.511839,0.580000
27.000000,0.511193,0.510570,0.510678,0.505814,0.512838,0.670000
28.000000,0.512377,0.510540,0.511320,0.507242,0.517681,0.790000
29.000000,0.513945,0.512123,0.512058,0.508467,0.519988,0.560000
30.000000,0.517143,0.513930,0.512980,0.509453,0.523370,0.840000
31.000000,0.519972,0.515037,0.513974,0.510504,0.525984,0.440000
32.000000,0.523124,0.517159,0.514941,0.511355,0.528598,0.760000
33.000000,0.523155,0.517766,0.515133,0.511923,0.517835,1.660000
34.000000,0.522363,0.518154,0.514920,0.512445,0.516029,0.485000
35.000000,0.522256,0.519699,0.515339,0.513103,0.522832,1.140000
36.000000,0.519442,0.519707,0.515035,0.513373,0.511916,2.220000
37.000000,0.516690,0.519907,0.515239,0.513754,0.514837,0.840000
38.000000,0.518227,0.520691,0.515615,0.514444,0.525523,1.910000
39.000000,0.520434,0.521398,0.516761,0.515171,0.527060,1.040000
40.000000,0.520856,0.521556,0.517743,0.515839,0.524946,1.025000
41.000000,0.524839,0.522140,0.518589,0.516696,0.531827,1.230000
42.000000,0.528790,0.522740,0.519949,0.517540,0.534594,0.770000
43.000000,0.530512,0.524370,0.521068,0.518212,0.534133,1.240000
44.000000,0.530435,0.525434,0.521794,0.518425,0.526676,1.500000
45.000000,0.532073,0.526464,0.523082,0.519047,0.533133,1.060000
46.000000,0.533087,0.528963,0.524335,0.519678,0.536900,0.650000
47.000000,0.533026,0.530908,0.525407,0.520462,0.534287,0.935000
48.000000,0.533487,0.532000,0.526345,0.521077,0.536439,0.840000
49.000000,0.536547,0.533491,0.527445,0.522338,0.541974,0.800000
50.000000,0.538838,0.535455,0.528506,0.523647,0.544588,0.810000
51.000000,0.539245,0.536166,0.529153,0.524448,0.538938,0.930000
52.000000,0.539691,0.536358,0.529549,0.525419,0.536516,0.996000
53.000000,0.539353,0.536420,0.530395,0.526185,0.534748,1.130000
54.000000,0.537331,0.536939,0.531187,0.526842,0.531865,0.763000
55.000000,0.535378,0.537108,0.531786,0.527757,0.534825,0.620000
56.000000,0.533064,0.536155,0.532559,0.528275,0.527368,1.680000
57.000000,0.532987,0.536339,0.533624,0.529051,0.536132,1.260000
58.000000,0.534310,0.536831,0.534415,0.529841,0.541359,1.350000
59.000000,0.537408,0.537369,0.535430,0.530753,0.547355,1.090000
60.000000,0.538146,0.536762,0.536109,0.531258,0.538515,1.520000
61.000000,0.540929,0.536996,0.536581,0.531768,0.541282,1.280000
62.000000,0.540437,0.536712,0.536535,0.531937,0.533672,1.510000
63.000000,0.538607,0.536458,0.536439,0.532416,0.532211,0.990000
64.000000,0.535640,0.536524,0.536731,0.532966,0.532518,1.400000
65.000000,0.535271,0.536708,0.536908,0.533427,0.536670,0.840000
66.000000,0.534425,0.537677,0.536916,0.534265,0.537054,0.880000
67.000000,0.536316,0.538376,0.537358,0.535208,0.543127,0.915000
68.000000,0.538576,0.538592,0.537711,0.535807,0.543512,0.970000
69.000000,0.540683,0.538161,0.537765,0.536340,0.543050,0.920000
70.000000,0.537715,0.536493,0.536627,0.536237,0.521833,2.760000
71.000000,0.537623,0.536024,0.536510,0.536396,0.536593,2.040000
72.000000,0.534271,0.535294,0.536003,0.536121,0.526368,1.720000
73.000000,0.535086,0.536831,0.536645,0.536570,0.547586,3.350000
74.000000,0.538592,0.539637,0.538080,0.537700,0.560578,1.790000
75.000000,0.547571,0.542643,0.539676,0.538820,0.566728,1.460000
76.000000,0.553598,0.545610,0.541644,0.539814,0.566728,1.030000
77.000000,0.561562,0.547917,0.543147,0.540877,0.566190,0.990000
78.000000,0.565990,0.550538,0.544565,0.541987,0.569726,0.990000
79.000000,0.567282,0.552937,0.545549,0.542822,0.567036,0.700000
80.000000,0.567266,0.557419,0.546956,0.543558,0.566651,0.720000
81.000000,0.567666,0.560632,0.548328,0.544551,0.568727,0.840000
82.000000,0.566421,0.563991,0.549643,0.545332,0.559963,1.600000
83.000000,0.565606,0.565798,0.551315,0.546362,0.565652,1.080000
84.000000,0.567082,0.567182,0.553409,0.547781,0.574416,1.990000
85.000000,0.570141,0.568704,0.555673,0.549352,0.581950,1.150000
86.000000,0.574569,0.571118,0.558364,0.551468,0.590867,1.300000
87.000000,0.582026,0.574224,0.561070,0.553506,0.597248,1.470000
88.000000,0.587039,0.576322,0.563430,0.555151,0.590713,1.110000
89.000000,0.590775,0.578928,0.565933,0.556675,0.593097,0.940000
90.000000,0.592697,0.581419,0.569419,0.558444,0.591559,1.250000
91.000000,0.595172,0.584871,0.572751,0.560509,0.603244,1.770000
92.000000,0.597217,0.589622,0.576807,0.562969,0.607472,1.140000
93.000000,0.599800,0.593419,0.579609,0.565350,0.603629,1.083000
94.000000,0.604121,0.597448,0.582315,0.568089,0.614699,1.540000
95.000000,0.608533,0.600615,0.584659,0.570654,0.613622,0.850000
96.000000,0.609702,0.602437,0.586777,0.573055,0.609087,1.180000
97.000000,0.609363,0.603290,0.588757,0.575144,0.605781,1.820000
98.000000,0.608625,0.604213,0.590268,0.577024,0.599938,1.440000
99.000000,0.606227,0.605174,0.592051,0.579013,0.602706,1.420000
100.000000,0.604766,0.606650,0.594034,0.581829,0.606319,1.390000
101.000000,0.602975,0.606338,0.595605,0.583947,0.600131,1.205000
102.000000,0.602637,0.606000,0.597811,0.586538,0.604090,1.185000
103.000000,0.601514,0.605070,0.599245,0.588096,0.594327,2.240000
104.000000,0.600807,0.603517,0.600482,0.589382,0.599170,1.130000
105.000000,0.599254,0.602010,0.601313,0.590443,0.598555,1.560000
106.000000,0.595833,0.599404,0.600921,0.590986,0.583026,2.520000
107.000000,0.593788,0.598213,0.600751,0.591909,0.593865,1.640000
108.000000,0.596479,0.598997,0.601605,0.593177,0.607780,2.350000
109.000000,0.597402,0.599104,0.602139,0.594402,0.603782,1.280000
110.000000,0.596710,0.597982,0.602316,0.595350,0.595095,1.300000
111.000000,0.598739,0.597286,0.601812,0.596165,0.593173,1.480000
112.000000,0.600623,0.597206,0.601603,0.597609,0.603283,2.010000
113.000000,0.599777,0.598128,0.601599,0.598872,0.603552,1.500000
114.000000,0.598916,0.598159,0.600838,0.599708,0.599477,1.600000
115.000000,0.601330,0.599020,0.600515,0.600548,0.607165,1.250000
116.000000,0.602360,0.600550,0.599977,0.600797,0.598324,1.280000
117.000000,0.599462,0.600042,0.599127,0.600515,0.588792,1.610000
118.000000,0.596125,0.597951,0.598474,0.600387,0.586870,1.600000
119.000000,0.591036,0.594976,0.597040,0.599751,0.574031,2.118000
120.000000,0.587546,0.594438,0.596210,0.599690,0.589714,2.310000
121.000000,0.588038,0.595199,0.596243,0.599608,0.600784,1.735000
122.000000,0.589699,0.594580,0.595893,0.599262,0.597094,1.230000
123.000000,0.590929,0.593527,0.595828,0.598908,0.593020,0.969000
124.000000,0.595603,0.593319,0.595739,0.598332,0.597402,1.440000
125.000000,0.596971,0.592259,0.595639,0.597763,0.596556,1.280000
126.000000,0.596202,0.592120,0.596335,0.597358,0.596940,1.030000
127.000000,0.597847,0.593773,0.596908,0.597343,0.605320,1.130000
128.000000,0.599354,0.595141,0.596546,0.597363,0.600554,1.320000
129.000000,0.602414,0.599008,0.596992,0.597696,0.612700,2.020000
130.000000,0.604290,0.600630,0.597534,0.597683,0.605935,1.240000
131.000000,0.607411,0.601807,0.598503,0.598097,0.612546,1.190000
132.000000,0.609932,0.603890,0.599235,0.598559,0.617927,1.810000
133.000000,0.612669,0.606012,0.599769,0.599222,0.614237,1.121000
134.000000,0.612531,0.607472,0.600396,0.599650,0.612008,1.120000
135.000000,0.614099,0.609194,0.600726,0.600158,0.613776,1.230000
136.000000,0.615637,0.611524,0.601822,0.601398,0.620234,2.300000
137.000000,0.617635,0.613784,0.603778,0.602533,0.627921,1.570000
138.000000,0.620311,0.616490,0.605816,0.603194,0.627614,1.190000
139.000000,0.622186,0.617359,0.608183,0.603781,0.621387,1.080000
140.000000,0.621971,0.618035,0.609333,0.604368,0.612700,1.600000
141.000000,0.620987,0.618312,0.610059,0.605106,0.615314,1.040000
142.000000,0.617943,0.617789,0.610839,0.605420,0.612700,1.490000
143.000000,0.613284,0.616797,0.611405,0.605445,0.604320,1.120000
144.000000,0.611024,0.616605,0.612039,0.605799,0.610086,1.520000
145.000000,0.610409,0.616190,0.612692,0.605881,0.609625,1.070000
146.000000,0.612477,0.616732,0.614128,0.606792,0.625653,2.280000
147.000000,0.615521,0.616732,0.615258,0.608096,0.627921,1.240000
148.000000,0.619165,0.616225,0.616357,0.609285,0.622540,1.040000
149.000000,0.620149,0.615587,0.616473,0.610651,0.615006,1.240000
150.000000,0.620518,0.615464,0.616749,0.611376,0.611470,0.660000
151.000000,0.618819,0.615648,0.616980,0.611922,0.617159,1.300000
152.000000,0.616075,0.615798,0.616794,0.612492,0.614199,0.975000
153.000000,0.613922,0.616544,0.616671,0.613118,0.611777,0.680000
154.000000,0.614076,0.617113,0.616859,0.613730,0.615775,1.220000
155.000000,0.613707,0.617113,0.616651,0.614166,0.609625,0.880000
156.000000,0.610801,0.614810,0.615771,0.614355,0.602629,1.490000
157.000000,0.609371,0.612723,0.614727,0.614413,0.607050,1.210000
158.000000,0.607311,0.610617,0.613421,0.614444,0.601476,0.820000
159.000000,0.604420,0.609248,0.612417,0.614064,0.601322,1.060000
160.000000,0.601561,0.607634,0.611549,0.613711,0.595326,1.140000
161.000000,0.602960,0.606880,0.611264,0.613613,0.609625,2.000000
162.000000,0.603060,0.606215,0.611007,0.613267,0.607549,0.940000
163.000000,0.603098,0.605204,0.610874,0.612849,0.601668,0.875000
164.000000,0.600907,0.602664,0.609888,0.612127,0.590367,1.500000
165.000000,0.600231,0.600896,0.609004,0.611399,0.591943,1.310000
166.000000,0.596817,0.599889,0.607349,0.610477,0.592558,0.760000
167.000000,0.593343,0.598201,0.605462,0.609219,0.590175,1.120000
168.000000,0.591198,0.597148,0.603882,0.607996,0.590944,1.590000
169.000000,0.592528,0.596717,0.602983,0.607184,0.597017,1.150000
170.000000,0.594157,0.597194,0.602414,0.606764,0.600092,0.880000
171.000000,0.594742,0.595780,0.601330,0.606103,0.595480,1.300000
172.000000,0.597125,0.595234,0.600725,0.605749,0.602091,1.060000
173.000000,0.599815,0.595507,0.600356,0.605752,0.604397,0.740000
174.000000,0.601292,0.596910,0.599787,0.605562,0.604397,0.810000
175.000000,0.600431,0.597294,0.599095,0.605101,0.595787,1.240000
176.000000,0.600308,0.597525,0.598707,0.604074,0.594865,0.660000
177.000000,0.600092,0.598609,0.598405,0.603178,0.601015,1.230000
178.000000,0.600246,0.600031,0.598589,0.602598,0.605166,1.100000
179.000000,0.601983,0.601637,0.599177,0.602534,0.613084,1.700000
180.000000,0.606504,0.603467,0.600331,0.602765,0.618389,1.070000
181.000000,0.610194,0.605251,0.600515,0.602637,0.613315,1.260000
182.000000,0.612392,0.606242,0.600738,0.602564,0.612008,0.890000
183.000000,0.613776,0.607011,0.601259,0.602574,0.612085,1.120000
184.000000,0.612208,0.607096,0.602003,0.602223,0.605243,1.000000
185.000000,0.609955,0.608230,0.602762,0.602140,0.607126,0.570000
186.000000,0.607680,0.608937,0.603231,0.602117,0.601937,1.115000
187.000000,0.604697,0.608545,0.603577,0.601785,0.597094,1.200000
188.000000,0.602729,0.608253,0.604142,0.601810,0.602245,1.140000
189.000000,0.601699,0.606953,0.604295,0.601769,0.600092,0.960000
190.000000,0.599723,0.604839,0.604153,0.601833,0.597248,0.904000
191.000000,0.597648,0.602664,0.603957,0.601231,0.591559,0.990000
192.000000,0.595641,0.600169,0.603206,0.600548,0.587062,0.715000
193.000000,0.592166,0.597448,0.602229,0.599988,0.584871,1.060000
194.000000,0.589307,0.595503,0.601299,0.599836,0.585793,0.690000
195.000000,0.590644,0.595184,0.601707,0.600236,0.603936,2.480000
196.000000,0.593304,0.595476,0.602206,0.600646,0.604859,0.770000
197.000000,0.596787,0.596214,0.602379,0.601122,0.604474,0.760000
198.000000,0.599977,0.596072,0.602162,0.601452,0.600823,0.618000
199.000000,0.603636,0.596471,0.601712,0.601687,0.604090,1.040000
200.000000,0.599054,0.594849,0.599844,0.601052,0.581027,3.360000
201.000000,0.595011,0.594157,0.598411,0.600691,0.584640,1.230000
202.000000,0.592428,0.594607,0.597388,0.600340,0.591559,1.020000
203.000000,0.591213,0.595595,0.596521,0.600018,0.594749,1.325000
204.000000,0.589476,0.596556,0.596029,0.599718,0.595403,1.050000
205.000000,0.591782,0.595418,0.595301,0.599610,0.592558,0.800000
206.000000,0.591982,0.593496,0.594486,0.599303,0.585640,0.960000
207.000000,0.590583,0.591505,0.593860,0.598755,0.584563,0.380000
208.000000,0.587385,0.589299,0.592685,0.597874,0.578759,1.450000
209.000000,0.584079,0.586777,0.591624,0.596734,0.578875,0.980000
210.000000,0.581957,0.586870,0.590859,0.595519,0.581950,0.990000
211.000000,0.582265,0.587123,0.590640,0.594648,0.587177,0.880000
212.000000,0.583556,0.587069,0.590838,0.593949,0.591021,0.590000
213.000000,0.585578,0.586481,0.591038,0.593175,0.588868,0.400000
214.000000,0.588376,0.586228,0.591392,0.592762,0.592866,0.710000
215.000000,0.590483,0.586220,0.590819,0.592274,0.592482,1.380000
216.000000,0.592236,0.587250,0.590373,0.592074,0.595941,1.170000
217.000000,0.593804,0.588680,0.590093,0.592133,0.598862,0.760000
218.000000,0.596464,0.591021,0.590160,0.592130,0.602168,0.740000
219.000000,0.599385,0.593881,0.590329,0.592376,0.607472,1.420000
220.000000,0.602583,0.596533,0.591701,0.592751,0.608472,0.650000
221.000000,0.605996,0.599116,0.593120,0.593466,0.613007,0.690000
222.000000,0.608687,0.601245,0.594157,0.594307,0.612315,0.570000
223.000000,0.609794,0.603129,0.594805,0.595068,0.607703,1.084000
224.000000,0.610194,0.604789,0.595509,0.595858,0.609471,0.840000
225.000000,0.612100,0.607342,0.596781,0.596327,0.618004,1.900000
226.000000,0.614053,0.610025,0.598637,0.596924,0.622771,0.770000
227.000000,0.616113,0.612400,0.600540,0.597528,0.622617,0.540000
228.000000,0.618827,0.614310,0.602666,0.598210,0.621272,0.659000
229.000000,0.622117,0.616155,0.605018,0.598938,0.625923,0.950000
230.000000,0.623086,0.617593,0.607063,0.600332,0.622847,0.855000
231.000000,0.624239,0.619146,0.609131,0.601795,0.628536,1.220000
232.000000,0.624608,0.620361,0.610803,0.602892,0.624462,0.880000
233.000000,0.624431,0.621629,0.612379,0.603746,0.620387,1.420000
234.000000,0.624062,0.623090,0.613939,0.604702,0.624077,1.020000
235.000000,0.625830,0.624458,0.615900,0.606007,0.631688,1.390000
236.000000,0.626584,0.625411,0.617718,0.607562,0.632303,0.700000
237.000000,0.626814,0.625711,0.619056,0.608930,0.625615,1.210000
238.000000,0.626276,0.625354,0.619832,0.610228,0.617697,1.500000
239.000000,0.625200,0.624631,0.620393,0.611556,0.618696,0.840000
240.000000,0.622448,0.624139,0.620866,0.612755,0.617927,0.930000
241.000000,0.620295,0.623439,0.621293,0.613900,0.621541,0.935000
242.000000,0.618965,0.622890,0.621625,0.614832,0.618965,0.583800
243.000000,0.621164,0.623720,0.622675,0.616159,0.628690,1.795000
244.000000,0.623647,0.624423,0.623757,0.617434,0.631112,0.954400
245.000000,0.625830,0.624139,0.624299,0.618646,0.628844,0.820000
246.000000,0.628336,0.624316,0.624864,0.619917,0.634071,1.040000
247.000000,0.631880,0.625423,0.625567,0.621178,0.636685,0.920000
248.000000,0.634079,0.627621,0.626488,0.622429,0.639683,1.120000
249.000000,0.635509,0.629578,0.627104,0.623455,0.638261,0.849000
250.000000,0.637385,0.631607,0.627873,0.624446,0.638223,0.700000
251.000000,0.639722,0.634029,0.628734,0.625538,0.645756,1.100000
252.000000,0.640859,0.636370,0.629630,0.626540,0.642374,1.590000
253.000000,0.641190,0.637635,0.630677,0.627661,0.641336,1.258000
254.000000,0.640506,0.638007,0.631215,0.628507,0.634840,1.320000
255.000000,0.640952,0.639168,0.631654,0.629255,0.640452,0.860000
256.000000,0.640129,0.639925,0.632121,0.629884,0.641644,1.250000
257.000000,0.641790,0.641325,0.633374,0.630819,0.650677,1.200000
258.000000,0.644503,0.642847,0.635234,0.631941,0.654905,1.160000
259.000000,0.646725,0.643615,0.636597,0.632608,0.645949,1.573000
260.000000,0.648416,0.644684,0.638146,0.633477,0.648908,0.967000
261.000000,0.650899,0.645514,0.639772,0.634328,0.654059,1.280000
262.000000,0.649885,0.645837,0.641104,0.635032,0.645603,1.800000
263.000000,0.647932,0.646218,0.641926,0.635857,0.645141,0.842000
264.000000,0.647986,0.647355,0.642681,0.636595,0.646218,1.200000
265.000000,0.647740,0.648078,0.643623,0.637128,0.647678,0.950000
266.000000,0.650784,0.650842,0.645384,0.638361,0.669280,3.160000
267.000000,0.653613,0.651749,0.646537,0.639499,0.659748,2.250000
268.000000,0.656196,0.652064,0.647455,0.640844,0.658057,1.110000
269.000000,0.659794,0.653890,0.648753,0.642361,0.664207,1.390000
270.000000,0.662454,0.655097,0.649890,0.643796,0.660978,0.990000
271.000000,0.664084,0.657434,0.651474,0.645659,0.677429,2.520000
272.000000,0.666082,0.659848,0.652842,0.647352,0.669742,1.532000
273.000000,0.666498,0.661347,0.653782,0.648400,0.660132,2.340000
274.000000,0.666843,0.663319,0.655337,0.649561,0.665936,1.111000
275.000000,0.667366,0.664910,0.656494,0.650719,0.663592,1.080000
276.000000,0.666505,0.665294,0.658068,0.652021,0.673124,1.480000
277.000000,0.668550,0.667316,0.659533,0.653463,0.679966,1.230000
278.000000,0.670887,0.668692,0.660378,0.654534,0.671817,1.170000
279.000000,0.674308,0.670576,0.662233,0.656027,0.683041,2.000000
280.000000,0.679074,0.673220,0.664159,0.657667,0.687423,1.030000
281.000000,0.681780,0.674143,0.665788,0.659030,0.686654,0.880000
282.000000,0.684271,0.676411,0.668129,0.660699,0.692420,1.145000
283.000000,0.686977,0.678932,0.670140,0.662166,0.685347,1.533000
284.000000,0.685578,0.679943,0.671631,0.663539,0.676046,1.400000
285.000000,0.684840,0.681957,0.673434,0.664982,0.683733,1.300000
286.000000,0.685209,0.683495,0.674395,0.666544,0.688499,1.160000
287.000000,0.684794,0.684533,0.675924,0.667866,0.690344,1.190000
288.000000,0.685101,0.686039,0.677366,0.668932,0.686885,1.020000
289.000000,0.686116,0.685847,0.678211,0.670104,0.681119,1.120000
290.000000,0.686593,0.685716,0.679468,0.671345,0.686116,1.160000
291.000000,0.687562,0.686385,0.680264,0.672654,0.693343,1.480000
292.000000,0.687500,0.686147,0.681279,0.674135,0.690037,1.050000
293.000000,0.691451,0.688276,0.683604,0.676185,0.706642,2.660000
294.000000,0.696940,0.691528,0.685736,0.678263,0.708564,1.090000
295.000000,0.702598,0.694596,0.688276,0.680488,0.714407,1.393000
296.000000,0.708118,0.697840,0.690667,0.682210,0.720941,1.370000
297.000000,0.713269,0.700384,0.692458,0.684078,0.715790,1.030000
298.000000,0.714752,0.703102,0.694571,0.685945,0.714061,0.687000
299.000000,0.717212,0.707076,0.696462,0.687833,0.720864,1.620000
300.000000,0.717212,0.709905,0.697811,0.689614,0.714407,2.000000
301.000000,0.715352,0.711735,0.699060,0.690754,0.711639,1.120000
302.000000,0.716228,0.714749,0.700448,0.692435,0.720172,1.370000
303.000000,0.719019,0.716886,0.702581,0.694698,0.728014,1.373000
304.000000,0.718481,0.717847,0.704687,0.696439,0.718173,2.010000
305.000000,0.720680,0.718946,0.706771,0.698500,0.725400,1.450000
306.000000,0.722355,0.718854,0.708347,0.700063,0.720018,1.710000
307.000000,0.722847,0.719538,0.709961,0.701485,0.722632,1.508000
308.000000,0.720987,0.720003,0.711553,0.703048,0.718712,1.170000
309.000000,0.719050,0.718765,0.712921,0.703896,0.708487,1.890000
310.000000,0.714899,0.717789,0.713847,0.704470,0.704643,1.200000
311.000000,0.712931,0.717643,0.714689,0.705254,0.710178,0.790000
312.000000,0.712669,0.717758,0.716253,0.706218,0.721325,1.950000
313.000000,0.713792,0.717389,0.717138,0.707517,0.724323,0.930000
314.000000,0.717451,0.718250,0.718049,0.709208,0.726784,0.910000
315.000000,0.721940,0.718419,0.718683,0.710654,0.727091,1.030000
316.000000,0.724462,0.718696,0.718775,0.711797,0.722786,1.250000
317.000000,0.723370,0.718020,0.718779,0.712647,0.715867,1.430000
318.000000,0.720972,0.717382,0.718692,0.713496,0.712331,1.020000
319.000000,0.719034,0.718243,0.718504,0.714695,0.717097,1.210000
320.000000,0.714745,0.718343,0.718066,0.715346,0.705643,1.880000
321.000000,0.709394,0.716928,0.717286,0.715435,0.696033,1.450000
322.000000,0.706212,0.714791,0.716275,0.715766,0.699954,1.380000
323.000000,0.706365,0.713669,0.715529,0.715981,0.713100,1.870000
324.000000,0.707595,0.713315,0.715783,0.716471,0.723247,2.010000
325.000000,0.712223,0.713484,0.715952,0.716950,0.728782,3.860000
326.000000,0.720264,0.714829,0.716763,0.717460,0.736239,1.192000
327.000000,0.727914,0.717063,0.717541,0.718207,0.738200,1.308000
328.000000,0.732818,0.719592,0.718487,0.718992,0.737623,0.710000
329.000000,0.734679,0.721137,0.719690,0.719382,0.732549,1.280000
330.000000,0.733280,0.722751,0.720547,0.719628,0.721787,1.600000
331.000000,0.730504,0.725384,0.721156,0.719985,0.722363,1.274800
332.000000,0.728836,0.728375,0.721583,0.720308,0.729859,1.140000
333.000000,0.727714,0.730266,0.721967,0.720441,0.732011,0.700000
334.000000,0.726345,0.730512,0.721913,0.720692,0.725707,1.259800
335.000000,0.726514,0.729897,0.721690,0.720600,0.722632,0.813000
336.000000,0.726384,0.728444,0.721637,0.720657,0.721710,0.810000
337.000000,0.724400,0.726618,0.721840,0.720567,0.719942,0.560000
338.000000,0.722801,0.725258,0.722425,0.720744,0.724016,1.020000
339.000000,0.722732,0.724539,0.722838,0.721306,0.725361,0.963000
340.000000,0.723747,0.725131,0.723941,0.722075,0.727706,1.140000
341.000000,0.726730,0.726557,0.725971,0.722956,0.736624,1.200000
342.000000,0.731035,0.727718,0.728046,0.723628,0.741467,1.250000
343.000000,0.733994,0.728398,0.729332,0.724111,0.738815,0.980000
344.000000,0.735847,0.729290,0.729901,0.724372,0.734625,0.875000
345.000000,0.740337,0.732042,0.730969,0.725141,0.750154,2.060000
346.000000,0.743381,0.735055,0.731750,0.726110,0.751845,0.820000
347.000000,0.744134,0.737585,0.732101,0.727088,0.745234,1.590000
348.000000,0.746464,0.740229,0.732743,0.728359,0.750461,1.080000
349.000000,0.749677,0.742762,0.733650,0.729479,0.750692,0.990000
350.000000,0.750523,0.745430,0.735280,0.731104,0.754382,0.915000
351.000000,0.751661,0.747521,0.737039,0.733154,0.757534,0.770000
352.000000,0.753567,0.748851,0.738284,0.734981,0.754766,0.720000
353.000000,0.755535,0.750999,0.739699,0.736554,0.760301,0.790000
354.000000,0.758595,0.754136,0.741713,0.737979,0.765990,1.290000
355.000000,0.760824,0.755673,0.743858,0.739204,0.765529,0.810000
356.000000,0.761070,0.756365,0.745710,0.739955,0.758764,1.130000
357.000000,0.762208,0.757887,0.747736,0.740697,0.760455,0.500000
358.000000,0.764161,0.759848,0.750038,0.741778,0.770065,1.740000
359.000000,0.766144,0.762369,0.752566,0.743223,0.775907,1.190000
360.000000,0.770080,0.765452,0.755441,0.745337,0.785209,1.380000
361.000000,0.775800,0.768435,0.757978,0.747504,0.787362,1.609900
362.000000,0.780812,0.771510,0.760180,0.749359,0.785517,1.120000
363.000000,0.781581,0.772871,0.761935,0.750756,0.773908,1.750000
364.000000,0.781534,0.773839,0.763988,0.752422,0.775677,0.910000
365.000000,0.777952,0.774016,0.764845,0.753910,0.767297,1.279000
366.000000,0.773263,0.774531,0.765448,0.755317,0.763915,0.720000
367.000000,0.770941,0.775876,0.766882,0.757116,0.773908,1.590000
368.000000,0.771494,0.776538,0.768193,0.758871,0.776676,0.900000
369.000000,0.771771,0.776653,0.769511,0.760595,0.777060,0.490000
370.000000,0.773124,0.775538,0.770495,0.762140,0.774062,0.815000
371.000000,0.773601,0.773432,0.770933,0.763129,0.766298,1.570000
372.000000,0.772709,0.771825,0.771667,0.764062,0.769450,0.730000
373.000000,0.770464,0.770979,0.771925,0.764950,0.765452,1.140000
374.000000,0.768250,0.770011,0.771925,0.765995,0.765990,0.780000
375.000000,0.766805,0.769965,0.771990,0.766551,0.766836,1.300000
376.000000,0.767451,0.770526,0.772528,0.767141,0.769526,0.930000
377.000000,0.767420,0.770065,0.772970,0.767943,0.769296,0.870000
378.000000,0.769588,0.770026,0.773282,0.768804,0.776292,1.020000
379.000000,0.770541,0.769396,0.773024,0.769473,0.770756,1.490000
380.000000,0.771064,0.768935,0.772236,0.769975,0.769450,0.808500
381.000000,0.771848,0.769649,0.771541,0.770505,0.773447,0.910000
382.000000,0.771141,0.769280,0.770553,0.770872,0.765760,1.340000
383.000000,0.770049,0.769819,0.770399,0.771223,0.770833,0.880000
384.000000,0.771325,0.770933,0.770472,0.771594,0.777137,1.080000
385.000000,0.773293,0.772179,0.771072,0.772053,0.779290,1.050000
386.000000,0.775092,0.773470,0.771998,0.772842,0.782442,0.750000
387.000000,0.776384,0.773762,0.771913,0.773234,0.772217,1.340000
388.000000,0.778029,0.774039,0.772033,0.773534,0.779059,0.980000
389.000000,0.778875,0.775100,0.772248,0.773716,0.781365,1.030000
390.000000,0.781165,0.777229,0.773082,0.773901,0.790744,1.340000
391.000000,0.782288,0.778690,0.774170,0.773924,0.788054,1.480000
392.000000,0.784317,0.780351,0.774815,0.773819,0.782365,1.910000
393.000000,0.784809,0.781419,0.775619,0.774072,0.781519,0.920000
394.000000,0.783272,0.781073,0.776003,0.774006,0.773678,1.340000
395.000000,0.778260,0.779712,0.775946,0.773952,0.765683,1.100000
396.000000,0.773585,0.777937,0.775703,0.773978,0.764683,1.350000
397.000000,0.768266,0.776292,0.775027,0.773373,0.755766,1.510000
398.000000,0.762500,0.773655,0.773847,0.772573,0.752691,1.450000
399.000000,0.758887,0.771079,0.773090,0.771858,0.755612,1.080000
400.000000,0.756365,0.767312,0.772271,0.771159,0.753075,1.350000
401.000000,0.753352,0.763469,0.771079,0.770603,0.749616,1.260000
402.000000,0.752076,0.760171,0.770261,0.769934,0.749385,1.189900
403.000000,0.753198,0.757849,0.769634,0.769696,0.758303,1.652000
404.000000,0.755166,0.757026,0.769050,0.769678,0.765452,1.680000
405.000000,0.757795,0.757080,0.768396,0.769657,0.766221,1.030000
406.000000,0.762500,0.757926,0.767931,0.769778,0.773140,1.020000
407.000000,0.769034,0.760555,0.768423,0.770203,0.782057,1.160000
408.000000,0.774185,0.763692,0.768673,0.770462,0.784056,1.120000
409.000000,0.780673,0.767920,0.769500,0.771366,0.797894,2.080000
410.000000,0.787931,0.772863,0.770088,0.772468,0.802506,0.960000
411.000000,0.795618,0.779059,0.771264,0.773739,0.811577,1.480000
412.000000,0.801968,0.785501,0.772836,0.775341,0.813807,0.890000
413.000000,0.807780,0.790982,0.774416,0.776750,0.813115,0.760000
414.000000,0.810624,0.795649,0.776338,0.777916,0.812116,0.760000
415.000000,0.812423,0.800177,0.778629,0.778990,0.811501,0.965000
416.000000,0.812008,0.803813,0.780869,0.779892,0.809502,0.810000
417.000000,0.810747,0.806358,0.783456,0.781068,0.807503,0.760000
418.000000,0.809978,0.808879,0.786285,0.782075,0.809271,0.800000
419.000000,0.810855,0.810740,0.789330,0.783246,0.816498,1.280000
420.000000,0.812454,0.812438,0.792651,0.784205,0.819496,1.219700
421.000000,0.815452,0.813730,0.796395,0.785419,0.824493,2.140000
422.000000,0.819526,0.815137,0.800319,0.786936,0.827875,1.071000
423.000000,0.822894,0.816436,0.803709,0.788423,0.826107,0.570000
424.000000,0.824831,0.817843,0.806746,0.790173,0.826184,0.740000
425.000000,0.826030,0.819242,0.809709,0.792166,0.825492,0.875000
426.000000,0.826737,0.821095,0.812454,0.794278,0.828029,1.110000
427.000000,0.825692,0.822609,0.814483,0.796507,0.822648,1.110000
428.000000,0.825046,0.823970,0.816425,0.798847,0.822878,0.890000
429.000000,0.825738,0.825284,0.818012,0.801315,0.829643,1.620000
430.000000,0.829121,0.827575,0.820007,0.804292,0.842405,2.330000
431.000000,0.831719,0.829228,0.821479,0.807339,0.841021,0.940000
432.000000,0.835332,0.830512,0.822824,0.810383,0.840713,1.125000
433.000000,0.837577,0.831312,0.823874,0.812910,0.834102,1.220000
434.000000,0.837392,0.831565,0.824704,0.815019,0.828721,0.790000
435.000000,0.836024,0.832572,0.825907,0.817330,0.835563,1.085000
436.000000,0.832626,0.832173,0.826634,0.819027,0.824031,1.720000
437.000000,0.831427,0.833379,0.827994,0.820782,0.834717,1.870000
438.000000,0.831473,0.834525,0.829247,0.822458,0.834333,1.540000
439.000000,0.832426,0.834909,0.830097,0.823644,0.833487,1.490000
440.000000,0.827983,0.832003,0.829789,0.824006,0.813346,3.010000
441.000000,0.826307,0.829466,0.829347,0.824142,0.815652,1.630000
442.000000,0.827737,0.829582,0.830047,0.825077,0.841867,3.650000
443.000000,0.828905,0.830189,0.830750,0.825979,0.840175,2.117500
444.000000,0.825753,0.829090,0.830327,0.826166,0.817728,2.990000
445.000000,0.829167,0.828575,0.830573,0.826796,0.830412,3.310000
446.000000,0.827998,0.827153,0.829663,0.826807,0.809809,3.080000
447.000000,0.815437,0.821587,0.827483,0.825858,0.779059,4.380000
448.000000,0.798201,0.813553,0.824039,0.824016,0.753998,6.394100
449.000000,0.788653,0.807203,0.821056,0.822466,0.769988,3.220000
450.000000,0.775861,0.802514,0.817259,0.820698,0.766451,4.060000
451.000000,0.773847,0.800923,0.815194,0.819872,0.799739,7.270000
452.000000,0.781627,0.798532,0.814057,0.819542,0.817958,2.945000
453.000000,0.794050,0.796125,0.813157,0.819209,0.816113,1.220000
454.000000,0.807426,0.798040,0.813565,0.819565,0.836870,2.760000
455.000000,0.818435,0.797148,0.812861,0.819432,0.821494,2.415000
456.000000,0.831042,0.802445,0.814799,0.820590,0.862777,5.790000
457.000000,0.843619,0.812623,0.817105,0.822530,0.880843,2.730000
458.000000,0.856888,0.825469,0.819511,0.824516,0.882457,1.570000
459.000000,0.868143,0.837784,0.822494,0.826632,0.893143,1.680000
460.000000,0.880612,0.849523,0.826019,0.828014,0.883841,2.760000
461.000000,0.884871,0.857957,0.829440,0.829449,0.884071,1.850000
462.000000,0.887746,0.865683,0.832107,0.831265,0.895218,2.100000
463.000000,0.888469,0.872678,0.834402,0.832998,0.886070,1.659900
464.000000,0.887085,0.877614,0.837827,0.834914,0.886224,1.130000
465.000000,0.889299,0.884955,0.841052,0.836893,0.894911,1.240000
466.000000,0.895357,0.890114,0.846279,0.839904,0.914360,2.740000
467.000000,0.898893,0.893319,0.852971,0.842510,0.912900,1.450000
468.000000,0.907565,0.898017,0.861743,0.845680,0.929428,2.540000
469.000000,0.916728,0.901907,0.869845,0.848965,0.932042,1.315000
470.000000,0.923339,0.906319,0.877921,0.852785,0.927967,1.270000
471.000000,0.925354,0.910355,0.884156,0.856411,0.924431,1.549900
472.000000,0.928367,0.913630,0.889656,0.859281,0.927967,0.870000
473.000000,0.927475,0.917520,0.895099,0.862108,0.924969,1.139600
474.000000,0.926522,0.921625,0.899619,0.865760,0.927276,1.040000
475.000000,0.926199,0.924769,0.904862,0.868958,0.926353,0.970000
476.000000,0.927214,0.926284,0.908199,0.872947,0.929505,1.300000
477.000000,0.928967,0.928667,0.910993,0.878203,0.936731,1.880000
478.000000,0.932949,0.930212,0.914114,0.884566,0.944880,1.519000
479.000000,0.935855,0.931188,0.916548,0.890293,0.941805,1.199900
480.000000,0.940175,0.933187,0.919753,0.896343,0.947955,1.030000
481.000000,0.933810,0.930512,0.920434,0.899608,0.897678,6.760000
482.000000,0.922709,0.925838,0.919734,0.901717,0.881227,3.580000
483.000000,0.916651,0.924800,0.921160,0.904999,0.914591,4.740000
484.000000,0.914253,0.925054,0.923339,0.908098,0.929812,2.420000
485.000000,0.908795,0.924485,0.924627,0.911403,0.920664,2.280000
486.000000,0.911624,0.922717,0.924500,0.913038,0.911823,2.150000
487.000000,0.912100,0.917405,0.923036,0.913130,0.883610,4.340000
488.000000,0.907626,0.912139,0.921175,0.913456,0.892220,4.230000
489.000000,0.896464,0.905358,0.918273,0.912818,0.874001,3.359000
490.000000,0.888146,0.898470,0.915829,0.912659,0.879074,2.330000
491.000000,0.878828,0.895226,0.912869,0.912031,0.865237,3.250000
492.000000,0.874831,0.893466,0.909652,0.910978,0.863622,2.850000
493.000000,0.868896,0.888261,0.906531,0.910194,0.862546,3.410000
494.000000,0.870787,0.883625,0.904340,0.910101,0.883456,4.140000
495.000000,0.877737,0.882941,0.903713,0.910732,0.913822,3.970000
496.000000,0.886839,0.882834,0.902775,0.910611,0.910747,1.870000
497.000000,0.899247,0.887039,0.902222,0.911037,0.925661,2.270000
498.000000,0.912285,0.890590,0.901365,0.910980,0.927737,1.100000
499.000000,0.920557,0.895672,0.900515,0.910740,0.924815,0.840000
500.000000,0.922894,0.900315,0.899393,0.910658,0.925507,0.920000
501.000000,0.926322,0.906581,0.900903,0.910773,0.927891,1.860000
502.000000,0.926076,0.912661,0.903063,0.910655,0.924431,1.140000
503.000000,0.923693,0.917989,0.903125,0.910350,0.915821,1.750000
504.000000,0.921095,0.920826,0.902226,0.909835,0.911823,3.140000
505.000000,0.912192,0.917543,0.900242,0.908323,0.880996,4.140000
506.000000,0.899170,0.912746,0.897790,0.906099,0.862777,2.939900
507.000000,0.887792,0.906934,0.896986,0.903793,0.867543,1.950100
508.000000,0.884640,0.904167,0.897379,0.902299,0.900062,4.235000
509.000000,0.879059,0.900077,0.897874,0.900369,0.883918,2.620000
510.000000,0.878090,0.895141,0.897728,0.897976,0.876153,2.190000
511.000000,0.877475,0.888323,0.897452,0.896710,0.859702,5.420000
512.000000,0.875185,0.881488,0.897075,0.895872,0.856089,2.440000
513.000000,0.865529,0.875085,0.896537,0.893778,0.851784,2.500000
514.000000,0.860793,0.869926,0.895376,0.891459,0.860240,2.170000
515.000000,0.860763,0.869427,0.893485,0.889970,0.875999,2.520000
516.000000,0.864714,0.871095,0.891920,0.888891,0.879459,2.290000
517.000000,0.877737,0.876461,0.891697,0.890145,0.921202,6.500000
518.000000,0.892020,0.878775,0.891471,0.891177,0.923201,2.850000
519.000000,0.906519,0.883656,0.891867,0.893135,0.932734,2.220000
520.000000,0.917143,0.888953,0.892047,0.894803,0.929121,2.860000
521.000000,0.924446,0.894580,0.891451,0.896494,0.915975,3.000000
522.000000,0.924846,0.901292,0.891390,0.898480,0.923201,2.761000
523.000000,0.920418,0.906219,0.890652,0.899764,0.901061,2.960000
524.000000,0.916851,0.911685,0.890806,0.900812,0.914899,2.360000
525.000000,0.918281,0.917712,0.893569,0.901561,0.936270,2.990000
526.000000,0.920264,0.922355,0.896725,0.902065,0.925892,1.870000
527.000000,0.924508,0.924677,0.900569,0.902691,0.944419,2.670000
528.000000,0.931581,0.925999,0.902387,0.902980,0.936424,1.990000
529.000000,0.932257,0.924554,0.904105,0.902762,0.918281,3.060000
530.000000,0.930843,0.924562,0.906757,0.902885,0.929197,2.340000
531.000000,0.933456,0.926860,0.910720,0.903254,0.938961,2.112000
532.000000,0.934963,0.929736,0.915514,0.904172,0.951953,1.800000
533.000000,0.936178,0.933879,0.920049,0.905061,0.942497,2.270000
534.000000,0.940929,0.936593,0.924139,0.906068,0.942036,1.030000
535.000000,0.944742,0.937792,0.927752,0.908310,0.948263,1.599900
536.000000,0.944465,0.938961,0.930658,0.910804,0.937577,1.980000
537.000000,0.944204,0.939583,0.932130,0.913574,0.950646,3.260000
538.000000,0.945972,0.941075,0.933537,0.915283,0.951338,1.300000
539.000000,0.946202,0.943565,0.934060,0.917259,0.943189,1.620000
540.000000,0.944772,0.944757,0.934659,0.919424,0.941113,1.269900
541.000000,0.942927,0.943696,0.935278,0.921712,0.928352,1.965000
542.000000,0.937700,0.940952,0.935344,0.923993,0.924508,1.210000
543.000000,0.933087,0.939530,0.936704,0.926543,0.928275,0.949900
544.000000,0.926584,0.936393,0.936493,0.928224,0.910670,2.869900
545.000000,0.920111,0.932442,0.935117,0.929315,0.908748,1.860000
546.000000,0.916375,0.929651,0.934306,0.930322,0.909671,1.200000
547.000000,0.910517,0.924108,0.931846,0.929456,0.895218,2.240000
548.000000,0.905012,0.919050,0.930062,0.928708,0.900753,1.665000
549.000000,0.899308,0.912946,0.928256,0.927022,0.882149,2.420000
550.000000,0.893281,0.906696,0.925726,0.925338,0.878613,1.490000
551.000000,0.888361,0.902368,0.923032,0.924308,0.885071,1.250000
552.000000,0.885394,0.897955,0.919453,0.922881,0.880381,2.030000
553.000000,0.884702,0.894857,0.917193,0.922755,0.897294,2.310000
554.000000,0.887269,0.893289,0.914841,0.922092,0.894988,1.190000
555.000000,0.892635,0.892958,0.912700,0.921064,0.905443,3.155000
556.000000,0.896356,0.892359,0.911005,0.920323,0.903675,1.540000
557.000000,0.900861,0.893127,0.908618,0.918940,0.902906,1.560000
558.000000,0.894803,0.889752,0.904401,0.916626,0.867005,4.830000
559.000000,0.888792,0.888030,0.900488,0.914847,0.864929,2.420000
560.000000,0.878090,0.885363,0.896029,0.912272,0.851937,2.360000
561.000000,0.863669,0.880012,0.891190,0.908692,0.831565,4.070000
562.000000,0.849815,0.875338,0.886647,0.904748,0.833641,2.210000
563.000000,0.845680,0.870241,0.882549,0.901543,0.846325,1.950000
564.000000,0.839222,0.864007,0.878648,0.897896,0.832641,2.290000
565.000000,0.833871,0.855981,0.874470,0.893794,0.825185,1.930000
566.000000,0.832272,0.847970,0.870165,0.889993,0.823570,1.457500
567.000000,0.829105,0.839460,0.866294,0.885565,0.817804,1.290000
568.000000,0.825646,0.835663,0.862708,0.881488,0.829028,2.070000
569.000000,0.825369,0.832296,0.860163,0.877757,0.831258,1.150000
570.000000,0.829136,0.831504,0.858433,0.874521,0.844019,2.230000
571.000000,0.835732,0.834002,0.857007,0.872127,0.856550,2.650000
572.000000,0.838945,0.834025,0.854682,0.869106,0.833871,3.170000
573.000000,0.839453,0.832549,0.851395,0.865883,0.831565,4.310000
574.000000,0.838330,0.831850,0.847928,0.863048,0.825646,3.140000
575.000000,0.836116,0.832626,0.844304,0.860522,0.832949,1.700000
576.000000,0.831504,0.833618,0.840794,0.857982,0.833487,1.220000
577.000000,0.834533,0.836739,0.838100,0.856442,0.849016,2.310000
578.000000,0.836577,0.838015,0.836839,0.854477,0.841790,2.090000
579.000000,0.841697,0.840014,0.836155,0.853447,0.851245,2.160000
580.000000,0.841344,0.838730,0.835117,0.851866,0.831181,4.495000
581.000000,0.839945,0.835724,0.834863,0.849913,0.826491,1.420000
582.000000,0.835440,0.834986,0.834506,0.848117,0.826491,0.980000
583.000000,0.832964,0.834771,0.833660,0.845854,0.829413,1.190000
584.000000,0.827106,0.834402,0.833126,0.843419,0.821956,1.710000
585.000000,0.824200,0.832772,0.832699,0.840460,0.816651,1.230000
586.000000,0.824508,0.832226,0.832922,0.837938,0.828029,1.640000
587.000000,0.825246,0.830343,0.833541,0.835514,0.830181,1.710000
588.000000,0.822248,0.827606,0.832811,0.833761,0.814422,2.555000
589.000000,0.822263,0.824685,0.832349,0.832331,0.822033,1.480000
590.000000,0.823924,0.824062,0.831396,0.831432,0.824954,1.600000
591.000000,0.823509,0.824008,0.829866,0.831245,0.825953,1.360000
592.000000,0.821602,0.823424,0.829205,0.830812,0.820649,1.320000
593.000000,0.821341,0.821794,0.828283,0.829705,0.813115,1.010000
594.000000,0.814360,0.818312,0.826357,0.828188,0.787131,3.820000
595.000000,0.806335,0.815129,0.823951,0.826842,0.784825,1.931100
596.000000,0.800784,0.812146,0.822186,0.825997,0.798201,1.790000
597.000000,0.796479,0.809041,0.819692,0.825374,0.799124,1.300000
598.000000,0.793788,0.807565,0.817585,0.824395,0.799662,0.750000
599.000000,0.795157,0.804759,0.814722,0.823152,0.793973,1.870000
600.000000,0.799569,0.802952,0.813507,0.821915,0.806888,3.030000
601.000000,0.800138,0.800461,0.812235,0.820065,0.801046,0.920000
602.000000,0.798524,0.797502,0.810463,0.818637,0.791052,1.850000
603.000000,0.796371,0.795080,0.808437,0.817215,0.788899,0.980000
604.000000,0.793419,0.794288,0.806300,0.815667,0.779213,2.070000
605.000000,0.787192,0.793381,0.804255,0.813761,0.775753,1.590000
606.000000,0.783702,0.791920,0.802033,0.812098,0.783595,1.779900
607.000000,0.781704,0.790114,0.799577,0.809832,0.781058,1.140000
608.000000,0.780735,0.788553,0.798059,0.807908,0.784056,1.440000
609.000000,0.781319,0.787369,0.796064,0.805604,0.782134,1.369100
610.000000,0.783426,0.785309,0.794131,0.804108,0.786285,1.350000
611.000000,0.781550,0.782626,0.791544,0.802365,0.774216,1.820000
612.000000,0.778629,0.780166,0.788834,0.800364,0.766451,1.470000
613.000000,0.775062,0.777898,0.786489,0.798257,0.766221,0.880000
614.000000,0.773801,0.777560,0.785924,0.796720,0.775830,1.690000
615.000000,0.771064,0.777245,0.785313,0.795252,0.772601,1.500000
616.000000,0.770772,0.776161,0.784041,0.793409,0.772755,1.210000
617.000000,0.772033,0.775331,0.782722,0.791495,0.772755,0.859700
618.000000,0.774354,0.774708,0.781631,0.790275,0.777829,1.420000
619.000000,0.776491,0.775146,0.781258,0.789091,0.786516,1.650000
620.000000,0.777506,0.774285,0.779797,0.787515,0.777675,1.357000
621.000000,0.778921,0.774846,0.778736,0.785978,0.779828,0.850000
622.000000,0.779889,0.775961,0.778063,0.784543,0.777598,1.650000
623.000000,0.775384,0.774869,0.776384,0.782616,0.755304,3.060000
624.000000,0.767174,0.771833,0.774696,0.781227,0.745464,1.720000
625.000000,0.760424,0.768965,0.773105,0.779864,0.743927,1.550000
626.000000,0.751338,0.765129,0.770645,0.777737,0.734394,1.480000
627.000000,0.742451,0.761170,0.768250,0.775538,0.733164,1.570000
628.000000,0.739237,0.757311,0.766009,0.773524,0.739237,1.350000
629.000000,0.738761,0.752967,0.764057,0.771828,0.743081,0.770000
630.000000,0.737946,0.749185,0.761735,0.769593,0.739852,1.560000
631.000000,0.741344,0.746341,0.760593,0.767938,0.751384,2.500000
632.000000,0.742082,0.742266,0.759114,0.766131,0.736854,2.110000
633.000000,0.742220,0.740729,0.757799,0.764499,0.739929,1.359200
634.000000,0.744004,0.741382,0.756607,0.763592,0.751999,1.900000
635.000000,0.745295,0.741621,0.755293,0.762610,0.746310,1.790000
636.000000,0.743835,0.742589,0.753859,0.761293,0.744081,1.145000
637.000000,0.745572,0.743827,0.752498,0.760109,0.745541,1.630000
638.000000,0.745249,0.743735,0.750523,0.758584,0.738315,2.290000
639.000000,0.744634,0.744319,0.748643,0.757477,0.748924,1.805000
640.000000,0.746525,0.745910,0.747548,0.756460,0.755766,1.640000
641.000000,0.749646,0.746740,0.746541,0.755976,0.759686,1.400000
642.000000,0.750723,0.748147,0.745207,0.755458,0.750923,1.890000
643.000000,0.744696,0.744972,0.742851,0.753523,0.708180,6.450000
644.000000,0.737300,0.740967,0.741175,0.751394,0.711946,2.590000
645.000000,0.728198,0.737362,0.739491,0.749316,0.710255,1.090000
646.000000,0.724815,0.737231,0.739910,0.748316,0.742774,4.630000
647.000000,0.726122,0.738423,0.741125,0.747806,0.757457,2.860000
648.000000,0.734702,0.739699,0.741717,0.746915,0.751076,1.380000
649.000000,0.742359,0.739829,0.742074,0.745705,0.750231,1.040000
650.000000,0.748632,0.738415,0.742163,0.744503,0.741621,1.730000
651.000000,0.747248,0.736032,0.741386,0.743038,0.735855,1.820000
652.000000,0.741928,0.734025,0.741086,0.741480,0.730858,2.000000
653.000000,0.735932,0.735317,0.740145,0.740339,0.721095,1.630000
654.000000,0.728106,0.735232,0.738100,0.739194,0.711101,1.445000
655.000000,0.723509,0.736070,0.736716,0.738351,0.718635,1.370000
656.000000,0.718266,0.732757,0.734994,0.737526,0.709640,1.470000
657.000000,0.714806,0.728367,0.733395,0.736872,0.713561,1.819900
658.000000,0.713115,0.724523,0.732111,0.735986,0.712638,0.910000
659.000000,0.713484,0.720795,0.730312,0.734981,0.712946,0.759900
660.000000,0.712346,0.717927,0.728171,0.734084,0.712946,0.950000
661.000000,0.713069,0.715667,0.725849,0.732813,0.713253,0.510000
662.000000,0.712054,0.713430,0.723728,0.731868,0.708487,1.210000
663.000000,0.706857,0.709986,0.722651,0.730092,0.686654,2.840000
664.000000,0.697186,0.705335,0.720284,0.727178,0.664591,2.910000
665.000000,0.681688,0.697017,0.716544,0.723483,0.635455,7.140000
666.000000,0.662900,0.687984,0.710371,0.719324,0.619311,4.740000
667.000000,0.650507,0.681281,0.704824,0.716023,0.646525,3.750000
668.000000,0.645833,0.676345,0.700434,0.713522,0.663284,2.230000
669.000000,0.646510,0.671848,0.696321,0.710824,0.667974,1.182000
670.000000,0.651245,0.666467,0.692197,0.707603,0.659133,1.350000
671.000000,0.655581,0.659240,0.687454,0.703646,0.640990,2.740000
672.000000,0.657134,0.653821,0.683625,0.700425,0.654290,1.960000
673.000000,0.656242,0.651038,0.680512,0.698780,0.658825,1.260000
674.000000,0.652998,0.649754,0.677545,0.696774,0.651753,1.300000
675.000000,0.656258,0.653752,0.675384,0.695613,0.675431,3.250000
676.000000,0.661747,0.658664,0.673324,0.693135,0.668435,2.300000
677.000000,0.664806,0.660970,0.671125,0.690206,0.669588,1.080000
678.000000,0.665452,0.660847,0.668596,0.687239,0.662054,1.360000
679.000000,0.666913,0.659955,0.665902,0.684199,0.659056,0.990000
680.000000,0.667097,0.661677,0.664072,0.682024,0.676353,2.460100
681.000000,0.671464,0.666605,0.662923,0.680504,0.690268,2.260000
682.000000,0.675492,0.670149,0.661985,0.679133,0.689729,1.850000
683.000000,0.678044,0.671748,0.661393,0.677591,0.674815,2.140000
684.000000,0.681919,0.674416,0.662085,0.676502,0.678429,1.685000
685.000000,0.679905,0.673501,0.663626,0.674757,0.666282,2.610000
686.000000,0.673585,0.672525,0.665594,0.673058,0.658672,1.550000
687.000000,0.666067,0.670780,0.665875,0.671010,0.652137,1.810000
688.000000,0.664237,0.671141,0.665994,0.669444,0.665667,2.490000
689.000000,0.659194,0.670557,0.665256,0.667453,0.653213,1.810000
690.000000,0.659010,0.669457,0.665567,0.665867,0.665360,1.710000
691.000000,0.663207,0.668396,0.667501,0.664747,0.679659,1.980000
692.000000,0.671771,0.668919,0.669534,0.664296,0.694957,2.230000
693.000000,0.679935,0.672086,0.671917,0.664957,0.706488,3.370000
694.000000,0.693373,0.676284,0.675350,0.666818,0.720403,2.470000
695.000000,0.703890,0.681450,0.677475,0.669567,0.717943,0.930000
696.000000,0.714191,0.688699,0.680612,0.673296,0.731165,2.860000
697.000000,0.724416,0.698093,0.684437,0.676614,0.746079,2.800000
698.000000,0.732319,0.706127,0.688634,0.679372,0.746002,2.110000
699.000000,0.734702,0.714038,0.692297,0.681517,0.732319,2.840000
700.000000,0.735332,0.719611,0.694534,0.683582,0.721095,1.510000
701.000000,0.731950,0.723070,0.695733,0.686024,0.714253,1.200000
702.000000,0.727660,0.726038,0.697478,0.688369,0.724631,1.620000
703.000000,0.721356,0.726837,0.699462,0.690224,0.714483,2.180000
704.000000,0.717435,0.726069,0.701176,0.692256,0.712715,1.390000
705.000000,0.717343,0.726338,0.703894,0.693763,0.720633,2.089900
706.000000,0.718112,0.725031,0.706865,0.695418,0.718097,1.690000
707.000000,0.722340,0.725000,0.711547,0.697958,0.745772,4.155000
708.000000,0.728459,0.724908,0.715517,0.700725,0.745080,2.100000
709.000000,0.732242,0.724839,0.719438,0.703144,0.731627,2.175000
710.000000,0.726860,0.722102,0.720856,0.703723,0.693727,4.950000
711.000000,0.721771,0.719942,0.721506,0.703803,0.692651,2.246100
712.000000,0.711793,0.717066,0.721552,0.704008,0.695879,1.750000
713.000000,0.700154,0.714307,0.720572,0.704410,0.686885,1.980000
714.000000,0.690821,0.711531,0.718800,0.704628,0.684963,1.175000
715.000000,0.688453,0.707657,0.716997,0.705148,0.681888,0.859900
716.000000,0.685517,0.703644,0.714337,0.705791,0.677967,1.590000
717.000000,0.680427,0.696110,0.710555,0.706401,0.670434,1.510000
718.000000,0.675246,0.687700,0.706304,0.706245,0.660978,1.745000
719.000000,0.670741,0.680781,0.702810,0.706552,0.662438,5.110000
720.000000,0.664806,0.676630,0.699366,0.706114,0.652214,1.815000
721.000000,0.658933,0.672225,0.696083,0.705079,0.648601,1.370000
722.000000,0.653921,0.667174,0.692120,0.703426,0.645372,1.660000
723.000000,0.650538,0.662892,0.688599,0.701345,0.644065,1.570000
724.000000,0.647740,0.659240,0.685386,0.698947,0.648447,1.470000
725.000000,0.648140,0.656473,0.682065,0.696822,0.654213,2.830000
726.000000,0.652352,0.655643,0.679643,0.694772,0.669665,2.650000
727.000000,0.657103,0.655512,0.675811,0.692207,0.669127,1.280000
728.000000,0.661654,0.656096,0.671898,0.689568,0.666820,1.550000
729.000000,0.662823,0.655281,0.668031,0.686967,0.654290,2.570000
730.000000,0.662362,0.655251,0.665940,0.684661,0.651907,0.660000
731.000000,0.658549,0.655450,0.663838,0.682539,0.650600,0.680000
732.000000,0.654643,0.655873,0.661524,0.680038,0.649600,0.500000
733.000000,0.650354,0.656004,0.659448,0.677734,0.645372,1.010000
734.000000,0.649262,0.656042,0.657641,0.675605,0.648831,1.880000
735.000000,0.645080,0.653721,0.655097,0.672617,0.630996,2.720000
736.000000,0.636731,0.647640,0.651641,0.668976,0.608856,3.540000
737.000000,0.627214,0.640929,0.648220,0.664184,0.602014,2.170000
738.000000,0.616974,0.633664,0.644880,0.659153,0.594173,1.920000
739.000000,0.603444,0.626353,0.640817,0.654138,0.581181,2.510000
740.000000,0.596464,0.620772,0.638011,0.650884,0.596095,2.860000
741.000000,0.593773,0.615252,0.635351,0.647642,0.595403,1.310000
742.000000,0.592189,0.609702,0.632788,0.644250,0.594096,1.570000
743.000000,0.591559,0.604267,0.630135,0.641054,0.591021,1.550000
744.000000,0.592804,0.598124,0.627083,0.637802,0.587408,1.620000
745.000000,0.594911,0.595687,0.624704,0.635294,0.606627,2.610000
746.000000,0.594726,0.594250,0.620945,0.632511,0.594480,2.190000
747.000000,0.591882,0.592036,0.616482,0.629492,0.579874,2.050000
748.000000,0.589745,0.590652,0.612158,0.626804,0.580335,1.410000
749.000000,0.590744,0.591774,0.609064,0.624470,0.592405,2.100000
750.000000,0.590529,0.592720,0.606746,0.622914,0.605550,2.070000
751.000000,0.592789,0.593758,0.604505,0.621487,0.605781,0.599900
752.000000,0.597263,0.594573,0.602137,0.620049,0.602245,0.860000
753.000000,0.602614,0.596179,0.600223,0.618817,0.607088,0.940000
754.000000,0.604843,0.597794,0.597959,0.617320,0.603552,0.810000
755.000000,0.603967,0.597248,0.596468,0.615552,0.601169,1.580000
756.000000,0.604228,0.598509,0.596379,0.613466,0.607088,2.910000
757.000000,0.604028,0.600646,0.596341,0.611203,0.601245,2.040600
758.000000,0.597663,0.600138,0.595395,0.608151,0.575261,3.970000
759.000000,0.589314,0.597079,0.594427,0.605069,0.561808,2.406000
760.000000,0.582641,0.593304,0.593012,0.602265,0.567804,1.300000
761.000000,0.576245,0.590237,0.591997,0.599749,0.575108,1.420000
762.000000,0.573263,0.588645,0.591609,0.597640,0.586331,2.080000
763.000000,0.571756,0.584709,0.590444,0.595052,0.567728,3.630000
764.000000,0.575354,0.582334,0.590064,0.592751,0.579797,2.900000
765.000000,0.575738,0.579190,0.588219,0.590708,0.569726,2.790000
766.000000,0.574646,0.575446,0.586977,0.589401,0.569649,1.890000
767.000000,0.570557,0.571910,0.586278,0.588197,0.565883,2.580000
768.000000,0.566175,0.568965,0.584552,0.586585,0.545818,6.550000
769.000000,0.557826,0.566590,0.581834,0.585148,0.538054,3.920000
770.000000,0.549646,0.562692,0.577998,0.582905,0.528828,1.330000
771.000000,0.543404,0.559025,0.574631,0.581007,0.538438,1.680000
772.000000,0.536408,0.553482,0.571064,0.578900,0.530904,2.250100
773.000000,0.535117,0.550646,0.567678,0.577178,0.539360,1.586000
774.000000,0.538207,0.548017,0.565175,0.576048,0.553506,1.870000
775.000000,0.544819,0.547232,0.563211,0.574557,0.561885,3.210000
776.000000,0.547386,0.545395,0.560421,0.573117,0.551276,2.190000
777.000000,0.552306,0.544357,0.558133,0.572304,0.555504,1.849900
778.000000,0.560547,0.547832,0.558399,0.572312,0.580566,4.400000
779.000000,0.565206,0.551707,0.559148,0.571792,0.576799,1.810000
780.000000,0.569726,0.557272,0.559982,0.571090,0.584486,3.100000
781.000000,0.578044,0.562715,0.560870,0.570659,0.592866,2.850000
782.000000,0.585240,0.568773,0.561128,0.570300,0.591482,2.280000
783.000000,0.585271,0.572909,0.561777,0.569421,0.580720,3.350000
784.000000,0.588607,0.576907,0.562462,0.569086,0.593481,2.800000
785.000000,0.593742,0.581734,0.564483,0.569386,0.610163,3.362400
786.000000,0.598109,0.588077,0.566736,0.569639,0.614699,2.030000
787.000000,0.600753,0.592997,0.568677,0.569755,0.604705,1.950000
788.000000,0.607457,0.596364,0.572098,0.571054,0.614237,2.000000
789.000000,0.614237,0.601422,0.576564,0.573240,0.627383,2.360000
790.000000,0.613592,0.603667,0.580470,0.574544,0.606934,2.820000
791.000000,0.613792,0.605950,0.584333,0.575897,0.615698,3.215000
792.000000,0.614806,0.607780,0.588276,0.576678,0.609779,1.820000
793.000000,0.614960,0.611208,0.592059,0.578254,0.615006,1.940000
794.000000,0.610732,0.612485,0.594696,0.579136,0.606242,1.250000
795.000000,0.612531,0.613061,0.597398,0.580676,0.615929,2.060000
796.000000,0.611624,0.612708,0.600392,0.582060,0.611162,1.580000
797.000000,0.612685,0.613745,0.603371,0.583700,0.615083,1.469900
798.000000,0.613453,0.614207,0.605285,0.586134,0.618850,1.460000
799.000000,0.617435,0.614084,0.607753,0.589071,0.626153,1.820000
800.000000,0.614560,0.613546,0.608606,0.591495,0.601553,3.302200
801.000000,0.615544,0.613584,0.609767,0.594083,0.616082,1.950000
802.000000,0.614576,0.613630,0.610705,0.596728,0.610240,2.120000
803.000000,0.615744,0.614599,0.612904,0.599572,0.624692,2.000000
804.000000,0.614053,0.615744,0.614114,0.601712,0.617697,1.320000
805.000000,0.616974,0.615767,0.614414,0.603521,0.616159,1.720000
806.000000,0.617236,0.616390,0.614549,0.605725,0.617389,1.415000
807.000000,0.622924,0.618750,0.616248,0.608497,0.638684,3.660000
808.000000,0.627783,0.621764,0.617985,0.610778,0.648985,2.220000
809.000000,0.633364,0.623708,0.618896,0.613071,0.645603,1.510000
810.000000,0.636301,0.626637,0.620091,0.614617,0.630843,2.270000
811.000000,0.638161,0.627698,0.620641,0.615744,0.626691,0.960000
812.000000,0.634840,0.628882,0.621256,0.616764,0.622079,1.480000
813.000000,0.626215,0.626999,0.620799,0.617602,0.605858,2.450000
814.000000,0.619788,0.626576,0.621160,0.618268,0.613469,2.190000
815.000000,0.617482,0.626891,0.621329,0.618573,0.619311,1.650000
816.000000,0.614453,0.626307,0.621348,0.618468,0.611547,2.172600
817.000000,0.611378,0.623109,0.620929,0.618535,0.606704,1.525000
818.000000,0.610655,0.618435,0.620099,0.618135,0.602245,1.853600
819.000000,0.608841,0.614314,0.619011,0.617369,0.604397,1.690000
820.000000,0.605443,0.611462,0.619050,0.617215,0.602322,1.250000
821.000000,0.603060,0.608756,0.618227,0.616679,0.599631,1.250000
822.000000,0.603444,0.607411,0.618147,0.616641,0.608625,2.580000
823.000000,0.603982,0.607319,0.617159,0.616305,0.604935,1.930000
824.000000,0.605550,0.607196,0.616886,0.616505,0.612239,2.070000
825.000000,0.610732,0.608087,0.617489,0.616915,0.628229,2.508000
826.000000,0.617374,0.610217,0.618262,0.617638,0.632841,1.740000
827.000000,0.620510,0.611977,0.617543,0.617945,0.624308,1.400000
828.000000,0.623878,0.613930,0.616182,0.618043,0.621771,3.420000
829.000000,0.627875,0.616713,0.615514,0.618245,0.632226,2.135000
830.000000,0.631150,0.620941,0.616202,0.619680,0.644603,2.410000
831.000000,0.638838,0.628106,0.618431,0.621520,0.671279,4.800000
832.000000,0.651784,0.636147,0.621779,0.624147,0.689038,2.590000
833.000000,0.662131,0.643004,0.625161,0.625774,0.673509,2.740000
834.000000,0.672156,0.650015,0.628605,0.627929,0.682349,1.730000
835.000000,0.680335,0.655743,0.631915,0.630240,0.685501,1.130000
836.000000,0.682165,0.660501,0.635359,0.632342,0.680427,1.490000
837.000000,0.678475,0.665129,0.638553,0.633405,0.670587,2.500000
838.000000,0.679259,0.670695,0.642312,0.634353,0.677429,1.855000
839.000000,0.676199,0.674177,0.645445,0.635068,0.667051,2.440000
840.000000,0.670772,0.675554,0.648247,0.635986,0.658364,1.690000
841.000000,0.665667,0.673916,0.651011,0.636926,0.654905,1.470000
842.000000,0.663361,0.670918,0.653532,0.638159,0.659056,1.770000
843.000000,0.657995,0.668627,0.655816,0.639650,0.650600,1.590000
844.000000,0.656965,0.666582,0.658299,0.641264,0.661900,2.110000
845.000000,0.655197,0.662984,0.659363,0.642271,0.649523,1.920000
846.000000,0.653121,0.659394,0.659948,0.643371,0.644526,1.610000
847.000000,0.647386,0.655374,0.660251,0.644160,0.630381,2.050000
848.000000,0.643373,0.650684,0.660690,0.645103,0.630535,1.070000
849.000000,0.637362,0.647163,0.660670,0.646018,0.631842,1.940000
850.000000,0.634271,0.644734,0.660144,0.647076,0.634071,1.770000
851.000000,0.630581,0.641851,0.657884,0.647958,0.626076,1.800000
852.000000,0.631212,0.639299,0.655108,0.648788,0.633533,1.120000
853.000000,0.630397,0.636885,0.652756,0.649505,0.626461,1.160000
854.000000,0.629013,0.633187,0.649885,0.649928,0.624923,1.260000
855.000000,0.629674,0.631973,0.647478,0.650233,0.637377,1.930000
856.000000,0.631058,0.630819,0.645107,0.650238,0.632995,1.070000
857.000000,0.631919,0.631565,0.643469,0.650689,0.637838,1.290000
858.000000,0.636070,0.633233,0.641959,0.651538,0.647217,1.905000
859.000000,0.640406,0.634709,0.640936,0.652017,0.646602,1.280000
860.000000,0.643020,0.636347,0.640540,0.652211,0.650446,1.020000
861.000000,0.649231,0.640145,0.640998,0.651971,0.664053,2.040000
862.000000,0.655197,0.643558,0.641428,0.651258,0.667666,1.210000
863.000000,0.660394,0.648232,0.642558,0.651248,0.673201,1.400000
864.000000,0.667974,0.654190,0.643688,0.651320,0.684502,2.570000
865.000000,0.675323,0.659171,0.645572,0.651376,0.687192,1.490000
866.000000,0.679013,0.664122,0.647471,0.651445,0.682503,1.290000
867.000000,0.681873,0.668535,0.650050,0.651825,0.681965,1.390000
868.000000,0.682503,0.671448,0.652341,0.651789,0.676353,1.690000
869.000000,0.680197,0.674085,0.654397,0.651986,0.672970,1.220000
870.000000,0.676661,0.675992,0.656169,0.652358,0.669511,2.040000
871.000000,0.674815,0.676914,0.658529,0.652970,0.673278,0.932000
872.000000,0.673862,0.677867,0.660713,0.653575,0.677199,1.670000
873.000000,0.673355,0.677929,0.663080,0.654349,0.673816,2.090000
874.000000,0.673278,0.676737,0.665464,0.654705,0.672586,0.720000
875.000000,0.675507,0.676084,0.667628,0.655743,0.680658,1.510000
876.000000,0.671925,0.673370,0.668746,0.656104,0.655366,4.400000
877.000000,0.663315,0.668589,0.668562,0.656229,0.634148,3.288000
878.000000,0.658933,0.666144,0.668796,0.656942,0.651907,2.370000
879.000000,0.657073,0.665175,0.669630,0.657990,0.663284,1.964600
880.000000,0.655089,0.665298,0.670645,0.659212,0.670741,2.590000
881.000000,0.658303,0.665114,0.671014,0.660724,0.671433,1.070000
882.000000,0.665483,0.664399,0.671133,0.661941,0.670049,0.723000
883.000000,0.669542,0.664237,0.671083,0.663466,0.672202,1.510000
884.000000,0.672232,0.664653,0.670695,0.665193,0.676737,1.030000
885.000000,0.677522,0.666305,0.671195,0.667187,0.697186,3.260000
886.000000,0.683748,0.671026,0.672198,0.669506,0.702568,0.940000
887.000000,0.691282,0.678383,0.673486,0.671835,0.707718,1.330000
888.000000,0.701584,0.685563,0.675853,0.674385,0.723708,2.750200
889.000000,0.711839,0.692036,0.678605,0.677099,0.728014,1.860000
890.000000,0.716897,0.697209,0.681254,0.679500,0.722478,1.625000
891.000000,0.721095,0.702422,0.683768,0.681483,0.723555,1.281000
892.000000,0.724001,0.707641,0.686020,0.683303,0.722248,1.240000
893.000000,0.723970,0.712777,0.688507,0.684981,0.723555,1.830000
894.000000,0.718173,0.715006,0.689829,0.685465,0.699031,3.400000
895.000000,0.716436,0.716667,0.691486,0.686352,0.713792,2.730000
896.000000,0.713607,0.717351,0.694188,0.687249,0.709410,0.990000
897.000000,0.712162,0.718081,0.698232,0.688351,0.715022,1.180000
898.000000,0.708333,0.716152,0.700857,0.689286,0.704413,2.070000
899.000000,0.711639,0.714906,0.703471,0.690706,0.715560,2.340000
900.000000,0.711946,0.714191,0.705700,0.692233,0.715329,1.050000
901.000000,0.713146,0.713376,0.707899,0.693637,0.715406,1.240000
902.000000,0.710517,0.711339,0.709490,0.694460,0.701876,2.380000
903.000000,0.712423,0.710378,0.711577,0.695797,0.713945,1.890000
904.000000,0.711793,0.711716,0.713361,0.697125,0.712408,1.147400
905.000000,0.713023,0.712485,0.714576,0.698486,0.721479,2.030000
906.000000,0.714253,0.713699,0.715525,0.700692,0.721556,1.280000
907.000000,0.716974,0.713745,0.715913,0.703403,0.715483,1.180000
908.000000,0.716313,0.714368,0.715260,0.705361,0.710640,1.233400
909.000000,0.716759,0.714276,0.714591,0.707073,0.714637,1.010000
910.000000,0.713761,0.713392,0.713792,0.708264,0.706488,1.220000
911.000000,0.711670,0.712961,0.713169,0.709586,0.711101,1.370000
912.000000,0.711393,0.714184,0.712761,0.711055,0.714099,1.120000
913.000000,0.714668,0.715490,0.712934,0.712882,0.727014,1.990000
914.000000,0.719081,0.717920,0.714818,0.714881,0.736700,2.420000
915.000000,0.724892,0.719327,0.715906,0.716159,0.735547,0.580000
916.000000,0.729244,0.720457,0.717078,0.717169,0.732857,0.743200
917.000000,0.734041,0.722717,0.718231,0.718181,0.738084,0.900000
918.000000,0.735440,0.725054,0.719711,0.718524,0.734010,0.790000
919.000000,0.734287,0.726684,0.720480,0.718622,0.730935,0.860000
920.000000,0.733426,0.729159,0.721275,0.718914,0.731242,1.240000
921.000000,0.734548,0.731896,0.722429,0.719411,0.738469,1.775000
922.000000,0.734302,0.734171,0.724177,0.719898,0.736854,0.800000
923.000000,0.734379,0.734909,0.725200,0.720259,0.734394,1.230000
924.000000,0.734702,0.734494,0.726207,0.721377,0.732549,1.300000
925.000000,0.734948,0.734187,0.726757,0.721999,0.732472,1.080000
926.000000,0.734809,0.734679,0.727568,0.722945,0.737777,0.850000
927.000000,0.735470,0.734886,0.728802,0.723783,0.740160,1.360000
928.000000,0.737162,0.735770,0.730412,0.725064,0.742851,1.100000
929.000000,0.733210,0.733956,0.730320,0.724972,0.712792,3.910000
930.000000,0.730950,0.732949,0.731054,0.725167,0.721172,3.230000
931.000000,0.725523,0.730166,0.731031,0.725008,0.710640,1.830000
932.000000,0.720049,0.727760,0.730966,0.725372,0.712792,1.130000
933.000000,0.714376,0.725769,0.730339,0.725390,0.714483,1.920000
934.000000,0.713853,0.723532,0.729013,0.725315,0.710178,1.380000
935.000000,0.712746,0.721848,0.728017,0.725120,0.715637,1.300000
936.000000,0.713822,0.719673,0.727176,0.724936,0.716021,0.770000
937.000000,0.717374,0.718712,0.726799,0.725438,0.730550,2.080000
938.000000,0.720664,0.717520,0.726645,0.726115,0.730935,1.140000
939.000000,0.723662,0.718758,0.726357,0.726466,0.725169,0.860000
940.000000,0.725338,0.719042,0.725996,0.727050,0.724016,0.925000
941.000000,0.727967,0.720895,0.725530,0.727652,0.729167,1.565000
942.000000,0.729705,0.723539,0.725650,0.728490,0.739237,1.380000
943.000000,0.731058,0.725861,0.725815,0.728846,0.737700,1.290000
944.000000,0.735978,0.729820,0.726676,0.729282,0.749769,2.040000
945.000000,0.740852,0.733095,0.727472,0.729710,0.748386,0.830000
946.000000,0.743650,0.735809,0.727741,0.730053,0.743158,1.590000
947.000000,0.747309,0.738507,0.728609,0.730702,0.757534,2.165000
948.000000,0.750984,0.741021,0.729270,0.731437,0.756073,0.850000
949.000000,0.751814,0.743896,0.731327,0.732203,0.753921,1.330000
950.000000,0.751814,0.746333,0.732688,0.732775,0.748386,1.460000
951.000000,0.751614,0.747632,0.734264,0.732898,0.742159,1.467700
952.000000,0.747571,0.747440,0.735490,0.732913,0.737315,1.230000
953.000000,0.745095,0.748040,0.736950,0.733223,0.743696,2.810000
954.000000,0.743204,0.747509,0.738665,0.733620,0.744465,1.520000
955.000000,0.742312,0.747063,0.740079,0.734002,0.743927,0.680000
956.000000,0.742589,0.747102,0.741455,0.734194,0.743542,1.400000
957.000000,0.744450,0.746010,0.742259,0.734410,0.746617,2.180000
958.000000,0.735071,0.740083,0.740552,0.732875,0.696802,7.310000
959.000000,0.725123,0.734164,0.739030,0.732272,0.694726,2.130000
960.000000,0.714530,0.728421,0.737377,0.731265,0.690959,1.720000
961.000000,0.704182,0.723386,0.735509,0.730638,0.691805,1.270000
962.000000,0.691774,0.718112,0.732776,0.729697,0.684579,1.390000
963.000000,0.688976,0.712023,0.730032,0.728641,0.682811,0.810000
964.000000,0.685901,0.705512,0.726511,0.727614,0.679351,1.530000
965.000000,0.683287,0.698908,0.722986,0.726356,0.677891,0.957800
966.000000,0.680058,0.692120,0.719611,0.725010,0.675661,1.829900
967.000000,0.679505,0.685640,0.715825,0.723386,0.681811,1.570000
968.000000,0.679428,0.684202,0.712143,0.721769,0.682426,1.388000
969.000000,0.680028,0.682964,0.708564,0.720341,0.682349,1.100000
970.000000,0.683979,0.683633,0.706027,0.719462,0.697648,2.120000
971.000000,0.688146,0.684102,0.703744,0.718373,0.696494,1.236500
972.000000,0.696233,0.687869,0.702990,0.717807,0.722248,7.080000
973.000000,0.709640,0.694534,0.703279,0.718199,0.749462,4.840000
974.000000,0.722125,0.701076,0.703294,0.718032,0.744772,2.030000
975.000000,0.735470,0.709725,0.704317,0.718565,0.764376,3.750000
976.000000,0.748555,0.718350,0.705235,0.719191,0.761916,1.620000
977.000000,0.754797,0.725515,0.705577,0.719055,0.753459,1.390000
978.000000,0.756827,0.733233,0.708718,0.719173,0.759609,1.460000
979.000000,0.761362,0.741744,0.712354,0.719624,0.767451,1.404000
980.000000,0.763392,0.749431,0.716532,0.720495,0.774523,1.800000
981.000000,0.765514,0.757034,0.720568,0.721507,0.772525,0.830000
982.000000,0.770710,0.762754,0.725311,0.722912,0.779443,1.205000
983.000000,0.775769,0.766298,0.730416,0.724285,0.784902,1.030000
984.000000,0.777091,0.769227,0.735151,0.725272,0.774062,1.670000
985.000000,0.776814,0.770103,0.739914,0.726245,0.773140,0.950000
986.000000,0.778106,0.771810,0.745080,0.727427,0.778982,2.160000
987.000000,0.781181,0.775946,0.750730,0.729033,0.794819,2.630000
988.000000,0.782026,0.778898,0.756065,0.732111,0.789130,1.580000
989.000000,0.785332,0.781212,0.761478,0.735306,0.790590,1.100000
990.000000,0.789299,0.783057,0.766244,0.738707,0.792974,1.010000
991.000000,0.796986,0.787546,0.772290,0.742894,0.817420,3.780000
992.000000,0.800031,0.790606,0.776680,0.747076,0.810040,1.880000
993.000000,0.803629,0.792827,0.779563,0.751220,0.807119,1.450000
994.000000,0.805904,0.795618,0.782422,0.755307,0.801968,2.420000
995.000000,0.807272,0.798286,0.784194,0.759371,0.799815,1.620000
996.000000,0.801876,0.799431,0.785620,0.763197,0.790437,2.160000
997.000000,0.800815,0.800423,0.788184,0.767294,0.804736,2.429900
998.000000,0.798232,0.800930,0.789914,0.771020,0.794204,1.920000
999.000000,0.796817,0.801361,0.791286,0.774772,0.794895,1.260000
1000.000000,0.797755,0.802514,0.792785,0.778334,0.804505,1.370000
1001.000000,0.800569,0.801222,0.794384,0.781934,0.804505,1.500000
1002.000000,0.801353,0.801084,0.795845,0.784814,0.808656,1.910000
1003.000000,0.804228,0.801230,0.797029,0.786785,0.808579,0.950000
1004.000000,0.807780,0.802299,0.798958,0.789048,0.812654,0.750000
1005.000000,0.807949,0.802852,0.800569,0.790414,0.805351,1.730000
1006.000000,0.807595,0.804082,0.801757,0.791774,0.802737,1.260000
1007.000000,0.805274,0.803313,0.801868,0.793227,0.797048,1.590000
1008.000000,0.801184,0.802706,0.801818,0.794178,0.788130,3.220000
1009.000000,0.797232,0.802506,0.801933,0.795026,0.792897,1.800000
1010.000000,0.793189,0.800569,0.801541,0.795380,0.785132,2.140000
1011.000000,0.791298,0.799446,0.800334,0.796072,0.793281,2.570000
1012.000000,0.789360,0.797317,0.799200,0.796336,0.787362,1.840000
1013.000000,0.790744,0.795964,0.798597,0.796674,0.795049,2.330000
1014.000000,0.792482,0.794857,0.798578,0.797591,0.801584,1.800000
1015.000000,0.796433,0.794811,0.798831,0.798650,0.804889,1.610000
1016.000000,0.799600,0.795449,0.799766,0.799654,0.809117,1.170000
1017.000000,0.801061,0.795211,0.799262,0.799649,0.794665,2.400000
1018.000000,0.801599,0.796172,0.799439,0.799936,0.797740,2.840000
1019.000000,0.804628,0.798555,0.800530,0.800807,0.816728,5.210000
1020.000000,0.810624,0.803529,0.802049,0.802204,0.834871,2.400000
1021.000000,0.814837,0.807219,0.803333,0.802629,0.830181,1.710000
1022.000000,0.823063,0.812062,0.804689,0.803488,0.835793,1.650500
1023.000000,0.833287,0.817443,0.806704,0.804879,0.848862,2.280000
1024.000000,0.839299,0.821963,0.808410,0.806373,0.846787,1.900000
1025.000000,0.840221,0.825423,0.810117,0.807695,0.839483,2.220000
1026.000000,0.840237,0.827537,0.811493,0.809023,0.830258,2.860000
1027.000000,0.836946,0.830005,0.812608,0.809510,0.819342,2.360000
1028.000000,0.832764,0.833026,0.814599,0.810634,0.827952,1.670000
1029.000000,0.828383,0.833841,0.816198,0.811634,0.824877,1.800000
1030.000000,0.827322,0.833772,0.818650,0.812623,0.834179,1.540000
1031.000000,0.826845,0.833541,0.820380,0.813402,0.827875,1.110000
1032.000000,0.828490,0.832718,0.822390,0.814032,0.827568,1.410000
1033.000000,0.827937,0.830351,0.823897,0.814586,0.825185,1.655000
1034.000000,0.828121,0.828252,0.825108,0.815024,0.825800,0.760000
1035.000000,0.827137,0.827229,0.826326,0.815821,0.829259,1.070000
1036.000000,0.828106,0.827475,0.827506,0.816820,0.832718,1.430000
1037.000000,0.830427,0.829459,0.829732,0.818225,0.839176,1.420000
1038.000000,0.834179,0.831058,0.832042,0.820085,0.843942,1.820000
1039.000000,0.837208,0.832665,0.833253,0.821687,0.840944,1.500000
1040.000000,0.840206,0.833672,0.833722,0.823657,0.844250,1.860000
1041.000000,0.842282,0.835194,0.834367,0.825318,0.843097,1.470000
1042.000000,0.841836,0.836132,0.834425,0.826971,0.836946,1.720000
1043.000000,0.837100,0.835640,0.832995,0.827811,0.820264,3.240000
1044.000000,0.834563,0.835886,0.832069,0.828700,0.828260,2.589000
1045.000000,0.830996,0.835601,0.831415,0.829418,0.826415,1.520000
1046.000000,0.828336,0.835309,0.831392,0.830107,0.829797,0.990000
1047.000000,0.830243,0.836039,0.832749,0.831834,0.846479,2.710000
1048.000000,0.833856,0.835478,0.833268,0.833187,0.838330,1.330000
1049.000000,0.835824,0.835194,0.833929,0.833900,0.838100,1.040000
1050.000000,0.838792,0.834894,0.834283,0.834112,0.841252,1.140000
1051.000000,0.839437,0.833887,0.834540,0.834207,0.833026,1.360000
1052.000000,0.834210,0.832226,0.834179,0.833692,0.820341,2.048000
1053.000000,0.829797,0.831827,0.833733,0.832606,0.816267,1.400000
1054.000000,0.825584,0.830704,0.833295,0.831614,0.817036,1.270000
1055.000000,0.821002,0.829897,0.832749,0.830909,0.818343,0.840000
1056.000000,0.814868,0.827153,0.831231,0.829979,0.802352,2.135000
1057.000000,0.813130,0.823670,0.829855,0.829723,0.811654,2.040000
1058.000000,0.812008,0.820903,0.828190,0.829146,0.810655,1.320000
1059.000000,0.811562,0.818573,0.826883,0.828810,0.814806,0.950000
1060.000000,0.809456,0.815229,0.825062,0.827932,0.807811,0.990000
1061.000000,0.808349,0.811608,0.822748,0.826896,0.796817,2.410000
1062.000000,0.806012,0.809571,0.820899,0.825976,0.799969,1.425000
1063.000000,0.803582,0.807795,0.819811,0.825087,0.798509,1.539900
1064.000000,0.800461,0.806012,0.818358,0.824200,0.799200,1.170000
1065.000000,0.798831,0.804144,0.817020,0.823214,0.799662,2.110000
1066.000000,0.801676,0.805012,0.816082,0.822491,0.811039,2.055200
1067.000000,0.804013,0.805012,0.814341,0.821574,0.811654,1.760000
1068.000000,0.808733,0.806158,0.813530,0.820846,0.822109,2.135000
1069.000000,0.811747,0.806104,0.812339,0.819957,0.814268,1.190000
1070.000000,0.814022,0.806427,0.810828,0.818850,0.811039,1.700000
1071.000000,0.816636,0.809156,0.810382,0.818217,0.824108,2.110000
1072.000000,0.818450,0.811232,0.810401,0.817676,0.820726,2.970000
1073.000000,0.818650,0.813692,0.810743,0.817771,0.823109,2.620000
1074.000000,0.820357,0.816052,0.811032,0.817589,0.822801,1.210000
1075.000000,0.823616,0.818819,0.811481,0.817620,0.827337,1.360000
1076.000000,0.824247,0.820441,0.812727,0.817535,0.827260,1.510000
1077.000000,0.822417,0.820434,0.812723,0.816372,0.811577,2.650000
1078.000000,0.818896,0.818773,0.812465,0.815278,0.805504,1.290000
1079.000000,0.817282,0.818819,0.812462,0.814499,0.814729,1.890000
1080.000000,0.815160,0.819388,0.812907,0.813681,0.816728,1.487000
1081.000000,0.813899,0.819073,0.814114,0.813279,0.820956,1.540000
1082.000000,0.817482,0.819949,0.815590,0.813584,0.829490,2.560000
1083.000000,0.822863,0.820879,0.817286,0.814122,0.832411,1.150000
1084.000000,0.828014,0.822648,0.819350,0.814904,0.840483,1.700000
1085.000000,0.834533,0.824846,0.821833,0.815936,0.849323,1.695000
1086.000000,0.839729,0.826814,0.823628,0.817423,0.846940,2.130000
1087.000000,0.848386,0.832934,0.826684,0.819460,0.872771,4.980000
1088.000000,0.854044,0.838453,0.828613,0.821128,0.860701,2.640000
1089.000000,0.857534,0.842774,0.830796,0.822566,0.857934,1.080100
1090.000000,0.858472,0.846502,0.832945,0.824106,0.854013,1.340000
1091.000000,0.859563,0.849646,0.834360,0.825958,0.852399,0.873300
1092.000000,0.854643,0.851514,0.835732,0.827565,0.848170,1.480000
1093.000000,0.852737,0.853390,0.837135,0.829320,0.851169,0.630000
1094.000000,0.850308,0.853921,0.838284,0.830873,0.845787,1.040000
1095.000000,0.848570,0.853521,0.839184,0.832395,0.845326,1.100000
1096.000000,0.846172,0.852867,0.839841,0.833374,0.840406,1.150000
1097.000000,0.845818,0.850231,0.841582,0.834533,0.846402,1.880000
1098.000000,0.845449,0.849093,0.843773,0.835440,0.849323,1.140000
1099.000000,0.847386,0.848847,0.845810,0.836813,0.855474,1.050000
1100.000000,0.848985,0.848778,0.847640,0.838223,0.853321,1.230000
1101.000000,0.844742,0.845457,0.847552,0.838059,0.819188,4.620000
1102.000000,0.840191,0.843004,0.847259,0.838156,0.823647,3.120000
1103.000000,0.834917,0.840183,0.846787,0.838151,0.822955,1.293900
1104.000000,0.829613,0.838499,0.846210,0.838356,0.828951,1.290800
1105.000000,0.825000,0.836993,0.845257,0.838453,0.830258,1.160000
1106.000000,0.827291,0.836016,0.844442,0.838566,0.830643,1.200000
1107.000000,0.831227,0.835709,0.842970,0.839624,0.843327,1.910000
1108.000000,0.836639,0.835778,0.842435,0.841108,0.850015,2.210000
1109.000000,0.841221,0.835417,0.842132,0.842346,0.851860,1.240000
1110.000000,0.844757,0.834879,0.841828,0.843386,0.847940,1.640000
1111.000000,0.848662,0.837977,0.841717,0.844360,0.850169,1.195000
1112.000000,0.850969,0.841098,0.842051,0.845206,0.854859,2.010000
1113.000000,0.850384,0.843512,0.841847,0.845695,0.847094,1.440000
1114.000000,0.847540,0.844380,0.841440,0.845600,0.837638,1.280000
1115.000000,0.845710,0.845234,0.841113,0.845249,0.838792,0.997000
1116.000000,0.844557,0.846610,0.841313,0.845165,0.844403,1.260000
1117.000000,0.842328,0.846648,0.841179,0.844196,0.843712,1.780000
1118.000000,0.842236,0.846310,0.841044,0.843727,0.846633,0.950000
1119.000000,0.846202,0.846871,0.841144,0.843712,0.857472,1.660000
1120.000000,0.847263,0.846487,0.840683,0.843381,0.844096,2.365000
1121.000000,0.848539,0.846548,0.842262,0.843327,0.850784,1.990000
1122.000000,0.851046,0.846687,0.843892,0.843596,0.856242,1.440000
1123.000000,0.853659,0.847947,0.845730,0.843881,0.859702,1.350000
1124.000000,0.848755,0.847478,0.845929,0.843453,0.832949,3.560000
1125.000000,0.845403,0.846333,0.845783,0.842853,0.827337,0.960000
1126.000000,0.840360,0.844450,0.845530,0.842359,0.825569,1.310000
1127.000000,0.835317,0.843181,0.844915,0.841846,0.831027,2.230000
1128.000000,0.829474,0.841567,0.843938,0.841218,0.830489,1.670000
1129.000000,0.827937,0.838346,0.842608,0.840211,0.825261,1.070000
1130.000000,0.829705,0.837554,0.842020,0.839640,0.836178,1.610000
1131.000000,0.830474,0.835417,0.840982,0.839981,0.829413,1.530000
1132.000000,0.831719,0.833518,0.840102,0.840434,0.837254,1.685000
1133.000000,0.834809,0.832142,0.840045,0.841200,0.845941,1.465000
1134.000000,0.836193,0.832065,0.839772,0.841308,0.832180,1.900000
1135.000000,0.834640,0.832173,0.839253,0.841246,0.828413,1.137200
1136.000000,0.835347,0.832911,0.838680,0.841323,0.832949,1.720000
1137.000000,0.834717,0.833218,0.838200,0.841016,0.834102,1.630000
1138.000000,0.832488,0.833649,0.837608,0.840508,0.834794,1.340000
1139.000000,0.833964,0.835078,0.836712,0.840098,0.839560,1.630000
1140.000000,0.835640,0.835140,0.836347,0.839727,0.836793,1.170000
1141.000000,0.837454,0.836401,0.835909,0.839455,0.842020,0.990000
1142.000000,0.838300,0.836508,0.835013,0.838904,0.838330,0.870000
1143.000000,0.839314,0.835901,0.834021,0.838663,0.839868,1.050000
1144.000000,0.837208,0.835586,0.833825,0.838376,0.829028,2.385000
1145.000000,0.833041,0.834340,0.833256,0.837615,0.815959,4.780000
1146.000000,0.825846,0.831650,0.832280,0.836337,0.806042,1.440000
1147.000000,0.817558,0.827929,0.830573,0.834776,0.796894,1.770000
1148.000000,0.810962,0.825138,0.829393,0.833451,0.806888,1.679800
1149.000000,0.805704,0.821456,0.828267,0.831627,0.802737,1.403000
1150.000000,0.798416,0.815729,0.825434,0.829474,0.779520,3.360000
1151.000000,0.796033,0.810939,0.823670,0.827586,0.794127,1.990000
1152.000000,0.794957,0.806258,0.821383,0.825428,0.791513,103.300000
1153.000000,0.790375,0.800669,0.818285,0.822904,0.783979,1.260000
1154.000000,0.787162,0.796433,0.816009,0.821361,0.786670,1.030000
1155.000000,0.788930,0.793673,0.814007,0.820062,0.788361,0.760000
1156.000000,0.787669,0.791851,0.811750,0.818804,0.787823,1.420000
1157.000000,0.787069,0.791013,0.809471,0.817387,0.788515,0.739900
1158.000000,0.788730,0.789553,0.807345,0.816113,0.792282,2.420000
1159.000000,0.790944,0.789053,0.805254,0.815196,0.797740,1.310000
1160.000000,0.791159,0.790045,0.802887,0.813638,0.789437,1.805000
1161.000000,0.792835,0.790252,0.800596,0.812531,0.796202,1.900000
1162.000000,0.796156,0.791613,0.798935,0.811460,0.805120,1.600000
1163.000000,0.798908,0.793819,0.797244,0.810130,0.806042,0.660000
1164.000000,0.802106,0.796525,0.796479,0.809515,0.813730,1.410000
1165.000000,0.802860,0.797010,0.795341,0.808341,0.793204,2.690000
1166.000000,0.803367,0.798101,0.794976,0.807201,0.798739,1.740000
1167.000000,0.802721,0.799439,0.795226,0.806127,0.801891,1.080000
1168.000000,0.804812,0.801860,0.795706,0.805517,0.816498,2.140000
1169.000000,0.803567,0.802837,0.795945,0.804449,0.807503,1.470000
1170.000000,0.805704,0.804282,0.797163,0.803352,0.803890,1.070000
1171.000000,0.807780,0.805573,0.797913,0.802255,0.809117,1.680000
1172.000000,0.808149,0.805435,0.798524,0.801102,0.803736,1.335000
1173.000000,0.806242,0.805527,0.799673,0.800005,0.806965,1.803800
1174.000000,0.806089,0.804828,0.800677,0.799262,0.806734,0.790000
1175.000000,0.807211,0.806458,0.801734,0.799047,0.809502,0.949600
1176.000000,0.807549,0.807665,0.802883,0.799206,0.810809,1.490000
1177.000000,0.806857,0.807503,0.803471,0.799318,0.800277,1.620000
1178.000000,0.806919,0.806581,0.804220,0.799331,0.807272,2.173000
1179.000000,0.807764,0.806927,0.804882,0.799605,0.810962,0.940000
1180.000000,0.810701,0.808956,0.806619,0.801094,0.824185,2.320000
1181.000000,0.814745,0.811147,0.808360,0.802324,0.831027,0.910000
1182.000000,0.821479,0.814168,0.809802,0.803739,0.833948,1.165000
1183.000000,0.827091,0.817005,0.811266,0.805450,0.835332,0.800000
1184.000000,0.835347,0.821556,0.813192,0.807636,0.852245,2.570000
1185.000000,0.844865,0.827783,0.817120,0.810417,0.871771,2.540000
1186.000000,0.850907,0.832826,0.820245,0.812864,0.861239,1.470000
1187.000000,0.857857,0.839668,0.823585,0.815537,0.868696,1.150000
1188.000000,0.867605,0.847348,0.826964,0.818596,0.884071,2.220000
1189.000000,0.874646,0.854997,0.830962,0.821587,0.887454,1.930000
1190.000000,0.877629,0.861247,0.835101,0.824828,0.886685,0.924900
1191.000000,0.883410,0.867159,0.839153,0.827960,0.890145,1.230000
1192.000000,0.887146,0.872502,0.843335,0.830702,0.887377,0.810000
1193.000000,0.889668,0.878636,0.847821,0.833723,0.896679,1.794400
1194.000000,0.890483,0.882565,0.852060,0.836316,0.891528,1.030000
1195.000000,0.891451,0.884540,0.856162,0.839594,0.891528,0.630000
1196.000000,0.890637,0.887023,0.859925,0.842505,0.886070,1.640000
1197.000000,0.889806,0.888476,0.864072,0.845216,0.883226,0.890000
1198.000000,0.885394,0.887531,0.867439,0.847153,0.874616,1.515000
1199.000000,0.882395,0.886439,0.870718,0.849454,0.876538,1.190000
1200.000000,0.879290,0.885371,0.873309,0.851858,0.875999,1.680000
1201.000000,0.877168,0.883902,0.875530,0.854069,0.875461,0.990000
1202.000000,0.873693,0.881750,0.877126,0.856140,0.865852,1.815000
1203.000000,0.872125,0.878759,0.878698,0.858133,0.866774,0.540000
1204.000000,0.871617,0.877006,0.879786,0.860376,0.874001,1.230000
1205.000000,0.869050,0.874170,0.879355,0.862164,0.863161,2.570000
1206.000000,0.866298,0.871733,0.879378,0.863861,0.861700,0.930000
1207.000000,0.863130,0.868412,0.878444,0.865519,0.850015,3.376200
1208.000000,0.859486,0.865806,0.876668,0.866895,0.848555,1.055000
1209.000000,0.856903,0.864260,0.875350,0.868565,0.861085,2.735000
1210.000000,0.857995,0.863522,0.874446,0.870047,0.868619,1.280000
1211.000000,0.859686,0.862992,0.873447,0.871351,0.870157,1.360000
1212.000000,0.863269,0.863200,0.872475,0.872484,0.867927,1.580000
1213.000000,0.863100,0.861293,0.870026,0.872896,0.847709,3.660000
1214.000000,0.869957,0.863430,0.870218,0.874334,0.895372,6.530000
1215.000000,0.876245,0.867120,0.870645,0.875277,0.900062,3.240000
1216.000000,0.881135,0.870411,0.871072,0.876389,0.894603,1.680000
1217.000000,0.885578,0.874423,0.871418,0.877104,0.890145,1.534000
1218.000000,0.895926,0.879513,0.872659,0.877616,0.899446,1.450000
1219.000000,0.898878,0.884417,0.874339,0.878372,0.910132,2.350000
1220.000000,0.899031,0.887638,0.875580,0.878844,0.900830,1.640000
1221.000000,0.900507,0.890821,0.876907,0.879238,0.901983,1.210000
1222.000000,0.902429,0.894004,0.878602,0.879651,0.899754,1.000000
1223.000000,0.903659,0.899792,0.880543,0.879948,0.905597,2.120000
1224.000000,0.901630,0.900254,0.881842,0.880230,0.899985,1.300000
1225.000000,0.900892,0.899962,0.883541,0.880417,0.897140,0.960000
1226.000000,0.899585,0.900046,0.885228,0.880730,0.895449,1.510000
1227.000000,0.898339,0.900384,0.887404,0.881073,0.893527,0.990000
1228.000000,0.895111,0.899385,0.889449,0.881568,0.889453,1.460000
1229.000000,0.894342,0.897986,0.891202,0.882221,0.896141,1.740000
1230.000000,0.892697,0.896794,0.892216,0.882652,0.888915,1.340000
1231.000000,0.891974,0.895780,0.893300,0.883198,0.891836,0.940000
1232.000000,0.893343,0.895841,0.894922,0.884348,0.900369,1.270000
1233.000000,0.896664,0.895887,0.897840,0.885658,0.906058,1.100000
1234.000000,0.899247,0.896794,0.898524,0.886826,0.909056,1.080000
1235.000000,0.901599,0.897148,0.898555,0.888077,0.900677,2.760000
1236.000000,0.905889,0.898931,0.899489,0.889796,0.913284,2.540000
1237.000000,0.914837,0.904090,0.902237,0.892966,0.945111,5.059900
1238.000000,0.928121,0.912392,0.905889,0.897097,0.972478,4.920000
1239.000000,0.937915,0.918581,0.908283,0.900328,0.958026,3.120000
1240.000000,0.957780,0.929689,0.913242,0.904707,1.000000,7.380000
1241.000000,0.971940,0.938915,0.917347,0.908505,0.984087,2.880000
1242.000000,0.979643,0.947240,0.921541,0.912362,0.983625,1.010000
1243.000000,0.982657,0.955389,0.925638,0.917023,0.987546,1.470000
1244.000000,0.989560,0.963738,0.930266,0.920262,0.992543,1.580000
